uid	iid
0	246
1	253
2	258
3	308
4	314
5	353
6	375
7	399
8	474
9	766
10	798
11	809
12	860
13	871
14	962
15	1142
16	1152
17	1183
18	1208
19	1223
20	1256
21	1274
22	1292
23	1354
24	1360
25	1389
26	1397
27	1413
28	1447
29	1462
30	1516
31	1526
32	1621
33	1647
34	1670
35	1682
36	1685
37	1689
38	1718
39	1740
40	1746
41	1749
42	1753
43	1766
44	1772
45	1899
46	1861
47	1920
48	1924
49	1929
50	1939
51	1950
52	1965
53	1972
54	1986
55	2059
56	2066
57	2079
58	2089
59	2393
60	2470
61	2482
62	2516
63	2522
64	2528
65	2533
66	2576
67	2585
68	2600
69	2664
70	2672
71	2677
72	2680
73	2683
74	2692
75	2699
76	2724
77	2730
78	2732
79	2740
80	2724
81	2743
82	2785
83	2808
84	2819
85	2821
86	2827
87	2831
88	2874
89	2882
90	2909
91	2919
92	2924
93	2936
94	2953
95	2657
96	2963
97	2977
98	2998
99	3001
100	3014
101	3019
102	3029
103	3045
104	3047
105	3069
106	3099
107	3108
108	3118
109	3122
110	1428
111	3140
112	3184
113	3186
114	3188
115	2531
116	3198
117	3207
118	3255
119	3279
120	3293
121	3299
122	3301
123	3306
124	3309
125	3331
126	3413
127	3415
128	3418
129	1448
130	2527
131	3432
132	3456
133	3463
134	3479
135	3492
136	3494
137	3497
138	3499
139	3504
140	3533
141	3539
142	3544
143	3559
144	3563
145	3567
146	2997
147	3576
148	3584
149	3590
150	3595
151	3598
152	3602
153	3611
154	1455
155	3623
156	3658
157	3733
158	2344
159	3739
160	3753
161	3781
162	3794
163	3798
164	3810
165	3817
166	1784
167	3821
168	3828
169	3832
170	3844
171	3857
172	3864
173	3868
174	3890
175	3901
176	3916
177	3919
178	3931
179	3934
180	3936
181	4058
182	4121
183	4139
184	4143
185	4166
186	4185
187	4209
188	4231
189	4262
190	4266
191	4270
192	4276
193	4281
194	4290
195	4296
196	4304
197	4310
198	4312
199	4315
200	4319
201	4328
202	4333
203	4338
204	4344
205	4349
206	2688
207	4353
208	4363
209	4365
210	4370
211	4395
212	4433
213	4450
214	4473
215	4512
216	4527
217	4534
218	4545
219	4562
220	4330
221	4573
222	4604
223	4616
224	4228
225	4665
226	4669
227	4683
228	4702
229	4707
230	4709
231	4723
232	4734
233	4744
234	4759
235	4926
236	4929
237	4978
238	5072
239	5102
240	5106
241	5121
242	5127
243	5149
244	5151
245	5153
246	5158
247	5162
248	879
249	5182
250	5459
251	5466
252	5490
253	5496
254	5505
255	2404
256	5516
257	5519
258	5576
259	5585
260	5590
261	5594
262	5598
263	3337
264	5601
265	4965
266	5611
267	5638
268	5658
269	5661
270	5667
271	5677
272	5681
273	2943
274	5693
275	5696
276	5698
277	5702
278	5707
279	5713
280	5725
281	5733
282	5745
283	5747
284	5752
285	5773
286	5778
287	5781
288	5784
289	5796
290	3336
291	5801
292	4767
293	5803
294	5806
295	5810
296	5812
297	3468
298	5817
299	5822
300	4091
301	1228
302	5826
303	4390
304	5468
305	5860
306	5865
307	5874
308	5972
309	5978
310	5981
311	5994
312	5996
313	6071
314	6074
315	6078
316	6082
317	6085
318	6087
319	6109
320	6112
321	820
322	6126
323	6138
324	6147
325	6149
326	4332
327	6154
328	6157
329	6162
330	6172
331	6185
332	6242
333	6244
334	6246
335	4633
336	4667
337	6256
338	6259
339	6261
340	6270
341	4382
342	6273
343	5582
344	6279
345	6229
346	6308
347	6310
348	6328
349	6367
350	4158
351	6371
352	6374
353	5130
354	2684
355	6379
356	6384
357	6390
358	6399
359	6414
360	2082
361	6417
362	6429
363	6433
364	6438
365	6440
366	6442
367	3543
368	6446
369	6449
370	6460
371	5047
372	4973
373	6463
374	2684
375	6466
376	6468
377	6489
378	6511
379	5741
380	6516
381	6523
382	6445
383	6545
384	6586
385	6592
386	6596
387	6610
388	6618
389	4764
390	6623
391	3957
392	6628
393	6632
394	6637
395	6641
396	6643
397	6646
398	6648
399	3737
400	6664
401	5326
402	6677
403	5239
404	6694
405	6721
406	6726
407	6737
408	6759
409	6773
410	6777
411	6779
412	1784
413	6784
414	5537
415	6788
416	6796
417	6799
418	6802
419	6806
420	6809
421	6811
422	3170
423	6814
424	6816
425	6821
426	3387
427	6824
428	6832
429	6834
430	3503
431	5036
432	6839
433	6823
434	6843
435	6850
436	6860
437	5698
438	6439
439	6863
440	4677
441	6069
442	5972
443	6827
444	6660
445	6888
446	6899
447	6901
448	6903
449	5168
450	6674
451	1143
452	5862
453	5823
454	6907
455	6912
456	1208
457	6248
458	6221
459	4232
460	5789
461	6922
462	6939
463	3047
464	6191
465	6942
466	6946
467	3725
468	6954
469	2009
470	6956
471	5722
472	5196
473	6960
474	5671
475	6963
476	6395
477	6802
478	6968
479	6970
480	6978
481	6982
482	6984
483	6987
484	1356
485	6992
486	6994
487	6999
488	7006
489	7012
490	3443
491	7016
492	7020
493	7030
494	5150
495	7033
496	7036
497	7057
498	3111
499	7077
500	1837
501	7082
502	6446
503	4596
504	2226
505	6852
506	5772
507	6078
508	7090
509	5184
510	7093
511	6376
512	4672
513	7098
514	7109
515	7112
516	7115
517	7117
518	7119
519	7125
520	7130
521	2883
522	4382
523	7156
524	7158
525	6272
526	2467
527	7162
528	7164
529	2426
530	5036
531	7185
532	5584
533	2554
534	7289
535	7293
536	6968
537	7300
538	7311
539	6105
540	7318
541	7168
542	7333
543	7335
544	7339
545	7367
546	5999
547	7370
548	6251
549	7372
550	7315
551	7378
552	3320
553	6073
554	7380
555	6467
556	7385
557	7390
558	7392
559	4126
560	1429
561	7086
562	5014
563	3533
564	7399
565	6364
566	7403
567	6441
568	4648
569	3294
570	7406
571	7409
572	3905
573	7411
574	6107
575	3821
576	6908
577	7416
578	4567
579	7421
580	7430
581	1394
582	7363
583	4400
584	7364
585	3014
586	1605
587	7444
588	5463
589	7447
590	7449
591	7452
592	7454
593	2889
594	7460
595	7117
596	3310
597	7465
598	7065
599	7479
600	5886
601	7482
602	7523
603	7542
604	7545
605	6249
606	7548
607	5143
608	6899
609	4176
610	7552
611	5472
612	7556
613	4635
614	7558
615	6441
616	7562
617	5795
618	4872
619	7566
620	5750
621	5572
622	7570
623	7574
624	7577
625	6384
626	7580
627	7582
628	4487
629	7585
630	7588
631	7590
632	7603
633	6641
634	3961
635	2076
636	3170
637	4926
638	7608
639	2855
640	7610
641	7623
642	6428
643	7646
644	7648
645	6668
646	7653
647	7657
648	7605
649	7660
650	4158
651	5601
652	2981
653	404
654	3677
655	5912
656	7666
657	7670
658	2419
659	7675
660	7677
661	7680
662	6442
663	7682
664	4470
665	7684
666	7691
667	6802
668	6974
669	7697
670	7700
671	7711
672	1657
673	6536
674	1983
675	7730
676	7734
677	7737
678	7742
679	7745
680	1990
681	7748
682	7766
683	6229
684	7790
685	1528
686	6604
687	7798
688	3067
689	3164
690	7231
691	7803
692	7849
693	5489
694	7855
695	7866
696	7876
697	7878
698	4542
699	4574
700	5750
701	6835
702	7881
703	7730
704	7889
705	7898
706	7902
707	6390
708	7383
709	7909
710	7006
711	7914
712	5984
713	2842
714	7919
715	7928
716	6837
717	5812
718	7478
719	4705
720	7418
721	7335
722	7404
723	6363
724	6317
725	7938
726	7942
727	7725
728	7947
729	7951
730	7956
731	7959
732	6768
733	7086
734	7964
735	6676
736	5745
737	7967
738	7970
739	2493
740	7973
741	2684
742	6777
743	6090
744	6761
745	3503
746	6855
747	7978
748	3728
749	7524
750	7984
751	5196
752	6262
753	7986
754	3206
755	7998
756	6514
757	6221
758	6097
759	5469
760	8003
761	4864
762	7376
763	7311
764	3361
765	6096
766	7488
767	8012
768	2937
769	3821
770	7373
771	7003
772	8022
773	3891
774	6096
775	1735
776	4530
777	6626
778	8026
779	8029
780	8031
781	7963
782	6132
783	6830
784	8040
785	5693
786	8048
787	8050
788	7438
789	6818
790	8033
791	8070
792	947
793	8080
794	8082
795	7661
796	2468
797	6822
798	3280
799	7202
800	8086
801	4973
802	8088
803	7746
804	8091
805	8093
806	6802
807	8097
808	8105
809	6808
810	3810
811	8110
812	6839
813	8112
814	7955
815	6841
816	6391
817	7712
818	1386
819	8117
820	8123
821	7336
822	6468
823	7647
824	1664
825	8128
826	7561
827	708
828	8140
829	8153
830	6138
831	2076
832	8157
833	8159
834	7128
835	3135
836	7730
837	6959
838	3765
839	8178
840	5583
841	7895
842	7841
843	8107
844	6940
845	6153
846	5817
847	7353
848	8211
849	8215
850	6411
851	6838
852	7916
853	4987
854	6899
855	4617
856	7161
857	8231
858	8235
859	5541
860	8255
861	6959
862	8263
863	6375
864	5719
865	7284
866	8052
867	8267
868	8269
869	824
870	8113
871	8279
872	7762
873	8283
874	6831
875	8237
876	8286
877	8288
878	8310
879	8312
880	7487
881	3309
882	5168
883	3459
884	2454
885	6624
886	8182
887	5688
888	7773
889	7874
890	8319
891	6947
892	8325
893	8077
894	4049
895	8329
896	8333
897	8345
898	6656
899	1745
900	8352
901	8354
902	8357
903	5036
904	8092
905	7407
906	3985
907	7235
908	8364
909	5755
910	8370
911	8372
912	8099
913	7813
914	5717
915	7472
916	7816
917	8380
918	8384
919	8390
920	3784
921	1220
922	8397
923	8399
924	8402
925	8404
926	7354
927	8407
928	8409
929	8411
930	6536
931	8414
932	8434
933	8183
934	8297
935	6980
936	8438
937	7652
938	8447
939	7831
940	6639
941	8462
942	2022
943	8467
944	1413
945	8470
946	8476
947	8014
948	8489
949	8491
950	8363
951	1998
952	8493
953	8476
954	1905
955	8497
956	8499
957	8545
958	8130
959	7031
960	3293
961	5503
962	8403
963	8388
964	2467
965	8553
966	4981
967	4658
968	8558
969	8561
970	8598
971	2674
972	5190
973	6765
974	8407
975	4782
976	6287
977	4972
978	1464
979	2015
980	8604
981	8343
982	3724
983	7057
984	6674
985	3743
986	7804
987	6782
988	6808
989	6853
990	8613
991	7035
992	5947
993	6764
994	8615
995	8619
996	7809
997	8432
998	7804
999	4343
1000	7805
1001	8624
1002	5147
1003	4787
1004	4660
1005	7426
1006	8648
1007	7018
1008	8652
1009	2332
1010	8654
1011	6737
1012	2071
1013	8657
1014	8816
1015	7629
1016	7613
1017	8824
1018	3720
1019	5477
1020	6639
1021	8826
1022	6327
1023	8831
1024	132
1025	8835
1026	8839
1027	6674
1028	8333
1029	5716
1030	8849
1031	5776
1032	1375
1033	7453
1034	6248
1035	5132
1036	6262
1037	2007
1038	7295
1039	8548
1040	8862
1041	8871
1042	6536
1043	6802
1044	1729
1045	4358
1046	8874
1047	7534
1048	6439
1049	7753
1050	8879
1051	6824
1052	8489
1053	8296
1054	4151
1055	8884
1056	8351
1057	1449
1058	8887
1059	2930
1060	7410
1061	8893
1062	3459
1063	7074
1064	7417
1065	8896
1066	6158
1067	7816
1068	8902
1069	5734
1070	5039
1071	6158
1072	1372
1073	8909
1074	8911
1075	8913
1076	8916
1077	8919
1078	6280
1079	8921
1080	8927
1081	3734
1082	8100
1083	8142
1084	8930
1085	7652
1086	8932
1087	2673
1088	4739
1089	7037
1090	8307
1091	8936
1092	8939
1093	8941
1094	4893
1095	7378
1096	8947
1097	6284
1098	7307
1099	8380
1100	8494
1101	7552
1102	8953
1103	8955
1104	2459
1105	8966
1106	8237
1107	8091
1108	2688
1109	1196
1110	2590
1111	6959
1112	7794
1113	5507
1114	8972
1115	3894
1116	5304
1117	4593
1118	490
1119	1958
1120	7063
1121	615
1122	5748
1123	7372
1124	8976
1125	8979
1126	8991
1127	4315
1128	9003
1129	6801
1130	9008
1131	9010
1132	9037
1133	6642
1134	640
1135	9039
1136	6938
1137	5550
1138	6695
1139	8925
1140	4267
1141	6758
1142	9044
1143	4313
1144	3700
1145	5643
1146	3459
1147	8833
1148	6091
1149	5271
1150	6487
1151	3919
1152	7102
1153	4844
1154	5582
1155	7707
1156	9052
1157	8182
1158	9056
1159	6749
1160	938
1161	4158
1162	9059
1163	9067
1164	3182
1165	8158
1166	7617
1167	9081
1168	8267
1169	5516
1170	9084
1171	8583
1172	8429
1173	9097
1174	8166
1175	9103
1176	8917
1177	9108
1178	9111
1179	9115
1180	7579
1181	9118
1182	9127
1183	8264
1184	8428
1185	3224
1186	9133
1187	7677
1188	7647
1189	9137
1190	9140
1191	9149
1192	7771
1193	9152
1194	8052
1195	5812
1196	9157
1197	1857
1198	9161
1199	6808
1200	8415
1201	3629
1202	6685
1203	9166
1204	7031
1205	7322
1206	7252
1207	8246
1208	9171
1209	9175
1210	9183
1211	9188
1212	9191
1213	8461
1214	9193
1215	3016
1216	9196
1217	6281
1218	7759
1219	9201
1220	9204
1221	9206
1222	6802
1223	9210
1224	9215
1225	9217
1226	6303
1227	937
1228	9230
1229	9233
1230	9235
1231	9237
1232	9239
1233	9241
1234	6443
1235	8002
1236	7969
1237	6317
1238	9244
1239	9249
1240	9251
1241	9253
1242	9255
1243	9257
1244	9049
1245	9262
1246	6753
1247	9265
1248	8267
1249	6813
1250	9268
1251	3888
1252	9270
1253	9272
1254	8995
1255	4131
1256	9277
1257	6747
1258	6726
1259	9281
1260	9283
1261	8057
1262	9287
1263	8076
1264	8093
1265	8379
1266	6045
1267	9293
1268	3971
1269	3324
1270	9300
1271	9303
1272	9106
1273	6631
1274	9307
1275	8438
1276	9312
1277	7843
1278	9190
1279	6454
1280	4006
1281	7907
1282	9319
1283	9321
1284	9287
1285	7623
1286	3180
1287	7878
1288	9330
1289	9332
1290	3962
1291	7689
1292	9340
1293	4223
1294	8911
1295	5791
1296	6840
1297	8190
1298	4324
1299	2031
1300	3424
1301	7117
1302	7806
1303	1745
1304	1065
1305	7806
1306	7363
1307	9346
1308	5727
1309	1386
1310	6412
1311	9354
1312	9359
1313	4181
1314	9363
1315	3798
1316	9365
1317	8907
1318	8444
1319	9368
1320	8808
1321	9380
1322	7761
1323	9383
1324	9425
1325	9268
1326	2467
1327	7758
1328	7974
1329	9429
1330	6674
1331	8493
1332	8530
1333	2555
1334	2943
1335	7624
1336	9435
1337	9440
1338	5811
1339	7436
1340	9442
1341	9447
1342	5245
1343	9265
1344	9374
1345	7565
1346	9453
1347	9455
1348	9297
1349	9458
1350	5228
1351	9460
1352	1595
1353	9464
1354	9472
1355	8460
1356	7761
1357	9476
1358	9478
1359	9480
1360	9484
1361	6679
1362	1376
1363	7458
1364	6618
1365	8102
1366	9486
1367	9126
1368	4689
1369	7590
1370	5292
1371	9490
1372	7765
1373	6878
1374	9506
1375	7293
1376	9241
1377	9345
1378	8065
1379	9512
1380	9105
1381	7455
1382	4964
1383	9516
1384	8527
1385	5304
1386	7049
1387	8748
1388	7203
1389	8468
1390	9336
1391	9390
1392	9522
1393	9226
1394	7116
1395	9530
1396	7691
1397	7895
1398	9534
1399	5142
1400	9105
1401	8560
1402	6326
1403	3600
1404	9537
1405	3400
1406	6871
1407	5478
1408	1304
1409	2718
1410	4690
1411	2504
1412	6906
1413	9329
1414	8300
1415	3835
1416	8557
1417	8332
1418	8104
1419	8859
1420	8921
1421	6288
1422	9276
1423	3783
1424	2249
1425	5994
1426	4960
1427	6288
1428	6724
1429	9547
1430	8388
1431	7104
1432	9550
1433	7489
1434	9558
1435	2678
1436	9307
1437	5982
1438	1894
1439	9339
1440	4467
1441	3980
1442	9160
1443	6332
1444	3980
1445	3232
1446	6765
1447	8942
1448	3299
1449	9564
1450	9567
1451	9570
1452	2137
1453	5585
1454	8149
1455	8147
1456	6732
1457	4996
1458	4837
1459	6095
1460	7561
1461	8480
1462	3939
1463	9137
1464	1372
1465	3906
1466	9573
1467	9276
1468	3902
1469	4740
1470	4907
1471	5731
1472	9279
1473	9578
1474	6083
1475	4818
1476	4299
1477	7449
1478	9438
1479	8560
1480	7571
1481	7366
1482	3852
1483	3835
1484	8831
1485	5773
1486	6391
1487	8028
1488	9582
1489	5846
1490	7936
1491	6987
1492	9586
1493	9588
1494	7884
1495	9592
1496	6876
1497	6788
1498	9594
1499	8253
1500	4788
1501	9597
1502	7325
1503	6229
1504	8628
1505	7931
1506	7823
1507	6319
1508	6191
1509	7684
1510	7022
1511	8017
1512	8899
1513	9601
1514	4599
1515	8132
1516	9604
1517	9608
1518	8931
1519	6301
1520	9610
1521	9377
1522	9438
1523	8927
1524	9614
1525	4376
1526	8848
1527	9018
1528	9617
1529	5502
1530	6354
1531	9620
1532	8612
1533	8348
1534	3995
1535	9224
1536	3152
1537	8623
1538	8898
1539	7391
1540	9626
1541	9628
1542	9260
1543	8817
1544	6527
1545	8296
1546	7637
1547	8512
1548	9635
1549	9639
1550	8005
1551	7836
1552	7164
1553	7709
1554	9644
1555	8313
1556	7990
1557	9647
1558	9238
1559	9651
1560	2191
1561	9232
1562	6802
1563	9555
1564	9654
1565	9659
1566	7836
1567	9662
1568	9665
1569	9060
1570	9667
1571	8493
1572	9321
1573	9670
1574	9672
1575	9111
1576	5353
1577	9683
1578	6746
1579	6396
1580	9692
1581	9699
1582	9704
1583	6564
1584	8938
1585	7007
1586	9711
1587	9556
1588	7242
1589	4340
1590	9716
1591	9721
1592	6648
1593	9729
1594	5646
1595	4056
1596	9707
1597	8091
1598	9735
1599	7788
1600	9740
1601	8711
1602	8032
1603	8122
1604	9137
1605	8711
1606	3920
1607	4326
1608	6380
1609	5489
1610	9756
1611	9758
1612	9427
1613	9763
1614	9765
1615	8276
1616	5547
1617	9386
1618	9769
1619	9771
1620	9392
1621	9774
1622	9776
1623	6212
1624	8231
1625	2419
1626	9099
1627	7103
1628	6276
1629	1959
1630	9382
1631	8022
1632	3503
1633	9781
1634	4982
1635	5583
1636	9577
1637	4345
1638	7040
1639	9722
1640	8593
1641	7670
1642	5842
1643	5616
1644	8540
1645	9794
1646	3971
1647	538
1648	8560
1649	6998
1650	3738
1651	7622
1652	6280
1653	9797
1654	6723
1655	7918
1656	9800
1657	6275
1658	9805
1659	9807
1660	8882
1661	9810
1662	8913
1663	6867
1664	156
1665	3467
1666	9813
1667	4392
1668	8107
1669	9290
1670	8837
1671	7933
1672	5650
1673	9015
1674	9058
1675	9819
1676	6323
1677	5093
1678	9280
1679	8916
1680	9390
1681	2461
1682	6982
1683	2068
1684	4321
1685	4068
1686	6075
1687	1370
1688	1713
1689	6166
1690	9090
1691	6120
1692	9818
1693	9823
1694	6138
1695	9023
1696	9825
1697	3776
1698	7118
1699	7604
1700	6245
1701	3390
1702	7395
1703	2980
1704	8180
1705	6428
1706	7330
1707	2876
1708	6761
1709	8030
1710	7994
1711	6516
1712	5663
1713	3766
1714	4362
1715	1959
1716	9564
1717	2721
1718	8414
1719	7275
1720	3738
1721	6893
1722	4933
1723	4684
1724	3117
1725	9646
1726	4785
1727	1519
1728	6775
1729	8905
1730	5897
1731	3027
1732	4675
1733	9831
1734	6747
1735	8939
1736	8038
1737	7322
1738	9835
1739	7541
1740	9844
1741	9847
1742	7303
1743	9331
1744	6913
1745	9536
1746	6731
1747	7982
1748	6960
1749	9773
1750	8549
1751	7911
1752	7691
1753	6793
1754	1959
1755	6856
1756	7225
1757	9855
1758	5148
1759	4557
1760	5007
1761	3647
1762	8622
1763	5159
1764	9851
1765	6907
1766	6602
1767	6353
1768	7354
1769	9331
1770	9860
1771	6426
1772	9440
1773	8969
1774	6163
1775	9024
1776	8160
1777	6258
1778	8083
1779	9719
1780	7382
1781	6808
1782	7340
1783	3721
1784	3805
1785	9862
1786	9702
1787	3618
1788	6162
1789	7190
1790	9866
1791	9902
1792	9486
1793	4609
1794	9446
1795	8466
1796	9913
1797	6970
1798	9917
1799	9287
1800	6823
1801	9908
1802	9838
1803	7027
1804	9920
1805	7101
1806	3245
1807	3434
1808	7397
1809	6651
1810	9922
1811	2974
1812	8018
1813	9474
1814	9770
1815	4464
1816	6842
1817	6995
1818	9578
1819	9470
1820	7913
1821	9927
1822	9931
1823	9552
1824	8109
1825	440
1826	9744
1827	7829
1828	4189
1829	6519
1830	9936
1831	7825
1832	9939
1833	9955
1834	9957
1835	906
1836	8587
1837	9481
1838	6527
1839	6859
1840	7191
1841	9960
1842	9471
1843	9932
1844	9963
1845	9370
1846	9017
1847	9745
1848	9968
1849	9976
1850	8899
1851	9319
1852	9236
1853	9458
1854	6498
1855	3624
1856	7920
1857	7293
1858	9980
1859	1699
1860	9983
1861	9987
1862	9991
1863	9939
1864	9809
1865	9995
1866	6305
1867	9788
1868	9741
1869	9103
1870	9513
1871	10004
1872	9769
1873	9779
1874	10010
1875	8446
1876	6302
1877	9367
1878	10013
1879	9864
1880	7660
1881	10017
1882	10030
1883	7987
1884	8481
1885	7097
1886	10021
1887	10034
1888	10038
1889	9474
1890	8930
1891	5753
1892	4405
1893	6595
1894	7131
1895	3582
1896	6475
1897	9184
1898	9714
1899	9998
1900	6867
1901	8908
1902	7683
1903	6714
1904	10046
1905	9110
1906	9857
1907	8392
1908	8423
1909	7612
1910	8380
1911	7018
1912	8952
1913	6348
1914	7048
1915	8029
1916	10065
1917	7478
1918	8894
1919	9330
1920	9917
1921	9908
1922	10071
1923	6718
1924	10074
1925	10076
1926	10078
1927	3503
1928	7761
1929	9999
1930	9273
1931	6388
1932	10081
1933	8525
1934	10083
1935	10085
1936	6837
1937	9384
1938	2311
1939	10088
1940	9151
1941	8919
1942	4877
1943	9702
1944	8460
1945	8264
1946	7959
1947	5583
1948	9444
1949	10073
1950	6740
1951	6440
1952	8345
1953	5601
1954	4319
1955	7395
1956	7883
1957	6724
1958	5487
1959	5770
1960	4608
1961	1646
1962	2936
1963	6851
1964	7874
1965	7451
1966	3962
1967	3837
1968	8973
1969	10095
1970	5196
1971	9662
1972	10100
1973	10107
1974	10110
1975	10114
1976	10116
1977	10120
1978	10122
1979	6066
1980	10125
1981	6531
1982	10134
1983	10136
1984	10138
1985	10142
1986	10145
1987	10147
1988	10152
1989	4943
1990	6599
1991	658
1992	2183
1993	9072
1994	6097
1995	10075
1996	10156
1997	6765
1998	4156
1999	3662
2000	4532
2001	9610
2002	10158
2003	1258
2004	10160
2005	3112
2006	6105
2007	6684
2008	1184
2009	9611
2010	10083
2011	7586
2012	4088
2013	5574
2014	8083
2015	7662
2016	9957
2017	8093
2018	6712
2019	5466
2020	6712
2021	8507
2022	5380
2023	8082
2024	10164
2025	8226
2026	9822
2027	9429
2028	9087
2029	8972
2030	9824
2031	7963
2032	9152
2033	9854
2034	3632
2035	6813
2036	5880
2037	10179
2038	7670
2039	6444
2040	10187
2041	9663
2042	4838
2043	8470
2044	9601
2045	8222
2046	8668
2047	4877
2048	10194
2049	10196
2050	9837
2051	8740
2052	8501
2053	10203
2054	10209
2055	10218
2056	9926
2057	8642
2058	9089
2059	3588
2060	9714
2061	9963
2062	10015
2063	10229
2064	10232
2065	10234
2066	10238
2067	10240
2068	6913
2069	3316
2070	8399
2071	5724
2072	7929
2073	5081
2074	9448
2075	8391
2076	4735
2077	6668
2078	3048
2079	10248
2080	2467
2081	6718
2082	6036
2083	6266
2084	6517
2085	9820
2086	2361
2087	4768
2088	897
2089	10257
2090	10133
2091	7568
2092	10262
2093	8089
2094	10265
2095	10267
2096	9322
2097	9395
2098	7840
2099	10024
2100	1096
2101	4538
2102	9209
2103	9279
2104	8223
2105	7430
2106	4084
2107	5187
2108	7027
2109	3700
2110	8220
2111	9171
2112	7696
2113	2795
2114	5996
2115	4214
2116	4391
2117	7024
2118	7022
2119	7423
2120	6074
2121	6641
2122	7797
2123	8508
2124	6581
2125	9197
2126	9754
2127	10049
2128	8684
2129	5756
2130	9738
2131	9039
2132	9332
2133	5455
2134	10282
2135	10292
2136	10021
2137	9321
2138	9711
2139	5770
2140	10001
2141	6658
2142	7568
2143	10298
2144	9376
2145	10087
2146	10303
2147	9555
2148	9664
2149	10085
2150	8762
2151	6592
2152	6800
2153	9344
2154	7037
2155	7697
2156	7487
2157	10307
2158	9395
2159	9617
2160	10310
2161	7521
2162	7134
2163	10314
2164	9312
2165	10146
2166	10318
2167	10320
2168	5017
2169	4872
2170	10323
2171	10328
2172	9957
2173	7252
2174	4612
2175	10331
2176	8915
2177	8924
2178	10335
2179	8177
2180	9480
2181	10251
2182	9091
2183	8959
2184	7648
2185	9124
2186	6656
2187	2790
2188	6802
2189	5228
2190	8607
2191	6963
2192	3232
2193	10340
2194	9103
2195	8089
2196	10079
2197	10344
2198	7207
2199	3246
2200	5073
2201	9458
2202	10034
2203	10351
2204	10357
2205	10362
2206	9673
2207	10365
2208	10368
2209	7671
2210	9975
2211	10384
2212	10387
2213	10389
2214	10394
2215	6980
2216	7084
2217	7738
2218	6822
2219	8649
2220	8076
2221	6447
2222	9222
2223	6465
2224	3669
2225	7632
2226	7386
2227	10403
2228	8808
2229	9247
2230	8881
2231	10129
2232	10412
2233	8744
2234	10249
2235	10416
2236	8857
2237	10420
2238	10427
2239	10434
2240	10352
2241	10439
2242	10072
2243	8973
2244	10218
2245	10462
2246	10467
2247	9668
2248	10473
2249	10061
2250	10478
2251	10480
2252	10486
2253	10488
2254	10484
2255	9916
2256	8616
2257	7150
2258	10450
2259	10311
2260	10496
2261	10118
2262	10503
2263	7108
2264	5741
2265	7031
2266	7933
2267	8713
2268	8879
2269	9456
2270	9753
2271	5463
2272	7936
2273	3170
2274	5827
2275	10509
2276	7467
2277	8856
2278	6832
2279	4910
2280	3118
2281	8048
2282	9243
2283	10522
2284	5229
2285	10507
2286	9716
2287	2684
2288	8281
2289	6660
2290	5206
2291	2033
2292	8666
2293	5647
2294	7236
2295	1386
2296	4670
2297	8265
2298	7357
2299	9399
2300	3646
2301	5526
2302	943
2303	6695
2304	9432
2305	7752
2306	9333
2307	6990
2308	6451
2309	8907
2310	9425
2311	9284
2312	9353
2313	7949
2314	6961
2315	1731
2316	7301
2317	9321
2318	6671
2319	9364
2320	7086
2321	4014
2322	5229
2323	9536
2324	7505
2325	6534
2326	3066
2327	4408
2328	9663
2329	9801
2330	10465
2331	4570
2332	8923
2333	6672
2334	10539
2335	8665
2336	9340
2337	10542
2338	9770
2339	10543
2340	9882
2341	9617
2342	9993
2343	9785
2344	10116
2345	10547
2346	10192
2347	8941
2348	9935
2349	8908
2350	7923
2351	9319
2352	9017
2353	10551
2354	10013
2355	10197
2356	9874
2357	7037
2358	10022
2359	10555
2360	10110
2361	3679
2362	10558
2363	10561
2364	10563
2365	8564
2366	10573
2367	9376
2368	1387
2369	9945
2370	6731
2371	10260
2372	10577
2373	7722
2374	6913
2375	8247
2376	9907
2377	8892
2378	6817
2379	824
2380	6567
2381	2779
2382	8347
2383	999
2384	7004
2385	6500
2386	8367
2387	9209
2388	5292
2389	2943
2390	5582
2391	7686
2392	7423
2393	9120
2394	6107
2395	9475
2396	7000
2397	6202
2398	6411
2399	6628
2400	7833
2401	10356
2402	7962
2403	1882
2404	5664
2405	2611
2406	8116
2407	8091
2408	8036
2409	7488
2410	8113
2411	3503
2412	4748
2413	6729
2414	8351
2415	4450
2416	6386
2417	7796
2418	10579
2419	9768
2420	7879
2421	8923
2422	6990
2423	7472
2424	10061
2425	5984
2426	943
2427	7364
2428	6762
2429	9351
2430	6767
2431	10298
2432	9518
2433	10576
2434	10585
2435	9244
2436	8379
2437	8943
2438	1306
2439	9364
2440	3023
2441	9238
2442	2790
2443	9514
2444	8036
2445	8180
2446	10590
2447	10596
2448	10100
2449	10520
2450	10489
2451	9228
2452	3241
2453	7931
2454	2619
2455	9362
2456	10320
2457	10382
2458	8357
2459	9103
2460	9016
2461	7743
2462	9060
2463	9260
2464	9768
2465	7511
2466	6913
2467	9564
2468	9633
2469	10603
2470	10608
2471	10610
2472	10418
2473	10346
2474	9632
2475	8706
2476	10614
2477	7576
2478	10617
2479	4174
2480	6913
2481	9416
2482	9445
2483	9651
2484	9564
2485	7485
2486	9822
2487	6102
2488	10230
2489	6603
2490	9393
2491	9749
2492	8336
2493	10625
2494	7786
2495	10543
2496	10632
2497	8128
2498	5994
2499	6884
2500	10639
2501	10618
2502	8956
2503	10644
2504	8249
2505	10356
2506	10649
2507	9729
2508	10281
2509	10503
2510	10375
2511	10004
2512	9958
2513	7550
2514	7351
2515	10286
2516	10540
2517	10141
2518	9037
2519	8965
2520	6504
2521	6032
2522	9622
2523	8405
2524	8885
2525	10653
2526	8318
2527	10297
2528	7776
2529	10649
2530	10012
2531	9100
2532	7897
2533	10615
2534	9952
2535	10660
2536	10420
2537	9230
2538	10368
2539	10107
2540	9963
2541	3575
2542	7751
2543	8414
2544	10664
2545	10012
2546	7533
2547	10321
2548	10515
2549	9704
2550	9521
2551	10396
2552	6913
2553	10211
2554	10345
2555	9247
2556	9656
2557	10366
2558	9749
2559	9727
2560	10673
2561	10419
2562	9744
2563	10555
2564	6018
2565	10571
2566	10677
2567	10683
2568	10687
2569	10318
2570	10691
2571	10694
2572	10263
2573	8747
2574	10700
2575	10703
2576	5375
2577	10706
2578	10659
2579	10301
2580	8313
2581	5500
2582	10642
2583	9915
2584	9229
2585	10140
2586	8809
2587	10715
2588	8711
2589	6802
2590	10719
2591	10283
2592	10722
2593	10069
2594	10726
2595	9960
2596	8940
2597	10730
2598	10365
2599	10733
2600	10310
2601	10249
2602	10737
2603	10472
2604	10739
2605	8829
2606	5057
2607	9513
2608	10747
2609	8011
2610	10749
2611	10676
2612	10517
2613	10373
2614	10752
2615	10567
2616	10624
2617	10335
2618	9513
2619	9539
2620	10756
2621	10759
2622	7558
2623	10762
2624	10764
2625	10766
2626	10769
2627	10771
2628	10564
2629	8705
2630	9689
2631	10775
2632	10694
2633	10220
2634	10792
2635	10798
2636	10433
2637	9063
2638	10802
2639	8909
2640	10805
2641	10808
2642	10810
2643	10552
2644	6214
2645	9988
2646	10696
2647	10389
2648	10619
2649	10618
2650	10816
2651	10726
2652	10647
2653	10823
2654	9349
2655	10827
2656	7328
2657	10793
2658	10656
2659	10296
2660	10790
2661	10834
2662	10845
2663	10848
2664	10694
2665	10851
2666	10854
2667	10857
2668	10859
2669	10862
2670	10865
2671	10503
2672	10742
2673	10466
2674	10187
2675	10872
2676	10875
2677	9592
2678	9247
2679	7521
2680	10265
2681	4487
2682	10639
2683	10099
2684	7270
2685	10563
2686	10877
2687	10260
2688	9990
2689	9230
2690	10881
2691	10884
2692	10888
2693	10893
2694	10724
2695	7521
2696	10035
2697	10682
2698	10896
2699	10806
2700	10792
2701	10900
2702	10903
2703	9947
2704	10905
2705	9496
2706	6751
2707	10910
2708	10917
2709	10923
2710	10556
2711	10538
2712	9411
2713	10927
2714	10930
2715	10193
2716	10799
2717	10718
2718	10831
2719	10935
2720	7143
2721	10828
2722	10589
2723	10053
2724	10948
2725	10951
2726	10954
2727	10681
2728	10959
2729	10755
2730	10552
2731	9046
2732	9829
2733	7666
2734	5704
2735	8001
2736	2392
2737	6368
2738	7788
2739	6867
2740	5495
2741	7031
2742	10187
2743	4056
2744	9054
2745	8919
2746	8116
2747	6781
2748	9557
2749	8521
2750	8477
2751	7350
2752	9144
2753	6967
2754	6658
2755	6674
2756	8398
2757	8331
2758	10761
2759	7001
2760	3757
2761	2628
2762	3232
2763	7999
2764	10781
2765	4132
2766	9306
2767	3534
2768	9610
2769	5196
2770	8849
2771	9725
2772	10546
2773	10969
2774	5755
2775	9683
2776	9752
2777	10320
2778	9362
2779	10563
2780	9928
2781	938
2782	10899
2783	10709
2784	9230
2785	6390
2786	9505
2787	6589
2788	6945
2789	10912
2790	10307
2791	8332
2792	4657
2793	3890
2794	3108
2795	767
2796	3321
2797	8407
2798	5797
2799	6475
2800	9017
2801	8370
2802	10439
2803	7410
2804	7591
2805	6015
2806	9870
2807	10297
2808	9569
2809	9213
2810	8892
2811	9117
2812	9420
2813	5045
2814	9669
2815	10660
2816	9315
2817	10163
2818	9997
2819	5249
2820	7102
2821	9563
2822	2496
2823	5723
2824	3458
2825	4535
2826	1041
2827	10094
2828	8938
2829	8606
2830	5793
2831	708
2832	7904
2833	8889
2834	10139
2835	9671
2836	3511
2837	1138
2838	5271
2839	5814
2840	8615
2841	9260
2842	6400
2843	9820
2844	7939
2845	9937
2846	5755
2847	7500
2848	4193
2849	10859
2850	10204
2851	9246
2852	7941
2853	1592
2854	9239
2855	6812
2856	8557
2857	7133
2858	7995
2859	9130
2860	8872
2861	9028
2862	6200
2863	10042
2864	3802
2865	10753
2866	8415
2867	1251
2868	4869
2869	8291
2870	7837
2871	10002
2872	10002
2873	10005
2874	7645
2875	8005
2876	7585
2877	7380
2878	6993
2879	10756
2880	10219
2881	9565
2882	7884
2883	9487
2884	10163
2885	9611
2886	6737
2887	947
2888	10114
2889	9838
2890	10651
2891	8711
2892	10366
2893	10509
2894	9320
2895	10737
2896	10089
2897	9717
2898	9650
2899	9565
2900	10319
2901	8247
2902	10128
2903	10148
2904	10531
2905	8558
2906	9953
2907	10240
2908	8311
2909	9594
2910	10984
2911	9380
2912	8389
2913	9849
2914	8922
2915	10414
2916	9754
2917	10687
2918	10396
2919	10354
2920	9743
2921	10878
2922	8711
2923	10286
2924	7785
2925	7839
2926	9321
2927	10369
2928	9542
2929	10116
2930	10403
2931	8258
2932	10005
2933	8237
2934	9481
2935	2950
2936	9684
2937	9741
2938	9363
2939	7060
2940	9832
2941	6407
2942	9671
2943	9102
2944	10992
2945	10663
2946	10286
2947	7840
2948	10308
2949	5747
2950	2925
2951	4677
2952	3436
2953	8233
2954	4174
2955	8869
2956	10995
2957	5790
2958	6240
2959	10622
2960	3738
2961	9349
2962	7059
2963	9331
2964	2059
2965	2378
2966	7579
2967	8099
2968	4686
2969	7819
2970	8104
2971	9432
2972	8553
2973	7205
2974	6978
2975	5228
2976	8737
2977	9909
2978	7975
2979	1646
2980	6208
2981	10204
2982	9470
2983	8672
2984	9258
2985	9704
2986	8768
2987	10287
2988	4577
2989	10977
2990	7374
2991	8907
2992	8459
2993	2533
2994	8212
2995	8923
2996	1370
2997	8006
2998	6290
2999	11000
3000	3092
3001	7676
3002	10364
3003	6305
3004	7712
3005	8287
3006	8286
3007	9310
3008	10581
3009	7788
3010	10647
3011	6553
3012	9596
3013	10014
3014	9334
3015	9248
3016	7447
3017	6805
3018	10241
3019	6304
3020	3920
3021	10779
3022	10196
3023	5661
3024	8923
3025	9218
3026	3118
3027	5719
3028	8480
3029	4560
3030	8943
3031	8621
3032	2859
3033	6457
3034	714
3035	7088
3036	6076
3037	8118
3038	6822
3039	7465
3040	4747
3041	7692
3042	9755
3043	8573
3044	9032
3045	5021
3046	7923
3047	6859
3048	9968
3049	6579
3050	621
3051	2799
3052	7454
3053	2370
3054	3403
3055	3782
3056	6893
3057	6578
3058	6127
3059	6372
3060	6266
3061	1707
3062	8507
3063	5919
3064	5731
3065	7850
3066	9498
3067	5877
3068	8631
3069	7029
3070	6853
3071	695
3072	1514
3073	3283
3074	8562
3075	8939
3076	10234
3077	7626
3078	3505
3079	2646
3080	3153
3081	6723
3082	7828
3083	4977
3084	7001
3085	3576
3086	1429
3087	4011
3088	9279
3089	1227
3090	10656
3091	9701
3092	7982
3093	9236
3094	9362
3095	9261
3096	10893
3097	8894
3098	2850
3099	2655
3100	10503
3101	8593
3102	6802
3103	10241
3104	11010
3105	11013
3106	10631
3107	10007
3108	3232
3109	10809
3110	10566
3111	9571
3112	11000
3113	10722
3114	7668
3115	9653
3116	11018
3117	8363
3118	7061
3119	9582
3120	9889
3121	10554
3122	5343
3123	10763
3124	9788
3125	954
3126	8601
3127	7728
3128	8064
3129	9433
3130	8894
3131	5019
3132	5729
3133	9526
3134	5562
3135	9794
3136	5031
3137	10070
3138	10286
3139	6484
3140	3995
3141	4703
3142	5568
3143	10464
3144	7454
3145	10099
3146	10067
3147	10764
3148	11023
3149	9135
3150	10382
3151	10596
3152	10254
3153	10377
3154	11025
3155	11030
3156	10318
3157	9768
3158	8026
3159	9267
3160	6194
3161	8238
3162	8113
3163	7379
3164	6445
3165	4770
3166	9529
3167	1969
3168	5687
3169	1180
3170	6825
3171	7118
3172	6867
3173	6611
3174	9400
3175	5391
3176	4885
3177	2989
3178	7879
3179	5982
3180	5076
3181	7031
3182	3785
3183	10280
3184	9099
3185	8912
3186	4599
3187	7459
3188	9287
3189	10524
3190	1240
3191	7118
3192	10029
3193	8677
3194	9926
3195	6941
3196	9052
3197	7553
3198	10808
3199	10152
3200	955
3201	9124
3202	10067
3203	10321
3204	6737
3205	10374
3206	9808
3207	9887
3208	10020
3209	6913
3210	2944
3211	10135
3212	9663
3213	1666
3214	11022
3215	9137
3216	4404
3217	1968
3218	6808
3219	7607
3220	2486
3221	10737
3222	7521
3223	6955
3224	8836
3225	7833
3226	9018
3227	10312
3228	5015
3229	5678
3230	9315
3231	5471
3232	4158
3233	7976
3234	7353
3235	9529
3236	8153
3237	9018
3238	8165
3239	2883
3240	4782
3241	9260
3242	9315
3243	3971
3244	6831
3245	3964
3246	5257
3247	6758
3248	6817
3249	3984
3250	6269
3251	8112
3252	6996
3253	7400
3254	6826
3255	2742
3256	8603
3257	6953
3258	8612
3259	7833
3260	9524
3261	9810
3262	2692
3263	5223
3264	8226
3265	7639
3266	8176
3267	7347
3268	3112
3269	9693
3270	10811
3271	7343
3272	11023
3273	7927
3274	9268
3275	8109
3276	10194
3277	2278
3278	1900
3279	6160
3280	4321
3281	9745
3282	6403
3283	6723
3284	4966
3285	7783
3286	3677
3287	4161
3288	3790
3289	9182
3290	9234
3291	8942
3292	1556
3293	7741
3294	6085
3295	5921
3296	7120
3297	6617
3298	6684
3299	7012
3300	885
3301	9557
3302	7333
3303	7691
3304	5692
3305	9889
3306	7741
3307	7201
3308	7572
3309	7871
3310	8827
3311	4930
3312	9245
3313	9939
3314	4686
3315	8052
3316	8101
3317	10356
3318	9666
3319	3701
3320	8924
3321	7941
3322	8048
3323	9350
3324	9205
3325	7354
3326	3980
3327	7883
3328	2987
3329	2662
3330	6372
3331	2405
3332	9842
3333	8492
3334	3739
3335	4962
3336	7994
3337	8678
3338	9206
3339	4165
3340	4615
3341	5545
3342	7340
3343	6072
3344	10096
3345	4716
3346	8182
3347	2040
3348	8216
3349	4127
3350	8267
3351	4324
3352	7219
3353	6291
3354	5596
3355	8921
3356	4859
3357	4229
3358	6685
3359	8416
3360	6937
3361	7311
3362	7006
3363	5050
3364	8496
3365	5228
3366	5334
3367	6602
3368	4158
3369	5768
3370	9046
3371	3679
3372	10873
3373	10892
3374	7106
3375	986
3376	6170
3377	3790
3378	9844
3379	6737
3380	6190
3381	4930
3382	8839
3383	8269
3384	9046
3385	2065
3386	9856
3387	4324
3388	8389
3389	4383
3390	7525
3391	9137
3392	10168
3393	9226
3394	2060
3395	10607
3396	8797
3397	4903
3398	4901
3399	10443
3400	7583
3401	5610
3402	8088
3403	9564
3404	9362
3405	7511
3406	7585
3407	10757
3408	7493
3409	4148
3410	658
3411	10702
3412	7873
3413	10365
3414	5869
3415	7512
3416	8747
3417	9471
3418	10645
3419	8774
3420	8853
3421	7435
3422	10662
3423	8158
3424	9216
3425	10443
3426	9212
3427	11004
3428	9100
3429	5309
3430	1968
3431	10728
3432	10398
3433	4428
3434	10598
3435	11003
3436	10888
3437	10888
3438	10425
3439	4219
3440	9483
3441	10861
3442	10028
3443	10954
3444	10540
3445	11041
3446	9627
3447	9911
3448	7752
3449	8027
3450	10996
3451	11032
3452	10457
3453	10088
3454	7274
3455	10022
3456	6030
3457	7996
3458	11035
3459	10376
3460	7071
3461	11057
3462	9420
3463	7488
3464	4005
3465	8246
3466	8613
3467	3167
3468	8228
3469	9627
3470	10260
3471	10664
3472	9513
3473	10681
3474	10755
3475	9550
3476	9368
3477	10134
3478	10605
3479	11028
3480	10783
3481	9806
3482	10264
3483	9543
3484	10116
3485	9261
3486	9807
3487	10020
3488	10771
3489	9677
3490	3100
3491	10235
3492	10511
3493	9975
3494	10683
3495	10439
3496	11063
3497	10365
3498	10673
3499	9787
3500	10214
3501	10664
3502	11066
3503	9595
3504	10683
3505	10566
3506	6447
3507	9729
3508	10894
3509	10871
3510	10940
3511	7245
3512	9779
3513	7989
3514	10786
3515	8500
3516	11070
3517	10609
3518	4950
3519	10988
3520	10508
3521	9859
3522	10938
3523	10938
3524	10241
3525	9835
3526	10772
3527	10734
3528	10129
3529	11075
3530	11081
3531	10755
3532	8631
3533	11083
3534	10929
3535	10640
3536	11063
3537	9447
3538	11012
3539	6599
3540	10858
3541	7890
3542	11087
3543	10987
3544	10755
3545	8474
3546	10746
3547	9427
3548	9503
3549	8994
3550	10604
3551	10262
3552	9902
3553	9411
3554	7208
3555	10493
3556	9808
3557	10505
3558	10959
3559	10949
3560	10828
3561	10995
3562	6586
3563	10972
3564	8969
3565	11055
3566	10534
3567	10292
3568	10222
3569	10268
3570	9959
3571	10567
3572	11066
3573	7237
3574	10037
3575	10880
3576	8546
3577	9945
3578	10767
3579	10383
3580	10963
3581	10910
3582	10408
3583	9380
3584	11060
3585	9312
3586	9627
3587	10416
3588	11094
3589	10624
3590	10495
3591	10854
3592	10907
3593	10435
3594	10208
3595	10823
3596	10256
3597	11058
3598	9836
3599	11054
3600	10883
3601	9763
3602	8710
3603	6511
3604	9181
3605	9728
3606	11099
3607	9095
3608	10444
3609	6910
3610	8821
3611	11087
3612	11103
3613	11004
3614	10733
3615	8933
3616	10848
3617	10411
3618	10948
3619	8872
3620	2042
3621	1395
3622	8040
3623	5678
3624	2309
3625	9603
3626	9577
3627	7647
3628	9420
3629	7784
3630	7526
3631	8182
3632	9086
3633	10414
3634	8267
3635	8894
3636	4532
3637	4079
3638	6156
3639	3417
3640	5160
3641	2824
3642	2756
3643	4678
3644	7915
3645	5582
3646	7987
3647	7216
3648	7164
3649	3459
3650	955
3651	7291
3652	9546
3653	8312
3654	2868
3655	3646
3656	5195
3657	8942
3658	2797
3659	11106
3660	8856
3661	8131
3662	9272
3663	7133
3664	9333
3665	1969
3666	5471
3667	9042
3668	10318
3669	10696
3670	5046
3671	2765
3672	4731
3673	2660
3674	9060
3675	1236
3676	9024
3677	3724
3678	8858
3679	8837
3680	9597
3681	9057
3682	9879
3683	10820
3684	8135
3685	10903
3686	9345
3687	8553
3688	10965
3689	10282
3690	8476
3691	11110
3692	1581
3693	9961
3694	11001
3695	9036
3696	9175
3697	10670
3698	6932
3699	3700
3700	8657
3701	10561
3702	9159
3703	8330
3704	5107
3705	3920
3706	3237
3707	4500
3708	8358
3709	4275
3710	6717
3711	8473
3712	9115
3713	10186
3714	7219
3715	8076
3716	9689
3717	3643
3718	3971
3719	6053
3720	2477
3721	9785
3722	10096
3723	10108
3724	7381
3725	8303
3726	9280
3727	9506
3728	7573
3729	8134
3730	4705
3731	2434
3732	4370
3733	5712
3734	5809
3735	7661
3736	3802
3737	6557
3738	2047
3739	1251
3740	2900
3741	9835
3742	2894
3743	8037
3744	7042
3745	9636
3746	8504
3747	8955
3748	4305
3749	7901
3750	8237
3751	7723
3752	4483
3753	2076
3754	1673
3755	6412
3756	5513
3757	9432
3758	10622
3759	8322
3760	9257
3761	9088
3762	10606
3763	9309
3764	6737
3765	9384
3766	8593
3767	8143
3768	10287
3769	8909
3770	10929
3771	8086
3772	7699
3773	9480
3774	8768
3775	9704
3776	6759
3777	7849
3778	8267
3779	6716
3780	10376
3781	9972
3782	9292
3783	7219
3784	4182
3785	10642
3786	9101
3787	1404
3788	7670
3789	9416
3790	6784
3791	8923
3792	4661
3793	10534
3794	7023
3795	10711
3796	10687
3797	10664
3798	8688
3799	10901
3800	9818
3801	5715
3802	370
3803	9960
3804	3413
3805	8958
3806	7710
3807	7709
3808	6757
3809	6493
3810	9658
3811	8694
3812	5554
3813	10038
3814	6214
3815	5789
3816	7251
3817	5846
3818	8391
3819	1413
3820	8472
3821	4690
3822	5068
3823	4586
3824	9701
3825	9304
3826	9588
3827	7588
3828	8030
3829	6424
3830	7880
3831	7330
3832	1969
3833	8503
3834	10279
3835	7832
3836	9186
3837	8003
3838	9117
3839	7932
3840	4774
3841	8423
3842	4076
3843	8116
3844	9849
3845	7110
3846	7448
3847	8854
3848	9935
3849	7364
3850	9589
3851	6314
3852	6992
3853	5656
3854	6436
3855	9222
3856	5423
3857	9109
3858	8440
3859	9455
3860	5301
3861	9256
3862	9705
3863	6913
3864	3009
3865	4377
3866	7833
3867	9770
3868	9475
3869	5360
3870	8104
3871	3245
3872	8413
3873	7341
3874	6948
3875	4654
3876	8270
3877	7653
3878	7688
3879	9088
3880	4350
3881	6961
3882	50
3883	9086
3884	8374
3885	9702
3886	7292
3887	10279
3888	8675
3889	8711
3890	9592
3891	9524
3892	9233
3893	7735
3894	7698
3895	9500
3896	6798
3897	3771
3898	11117
3899	3884
3900	9665
3901	5196
3902	1751
3903	6268
3904	4601
3905	7580
3906	7895
3907	9734
3908	6495
3909	4358
3910	6194
3911	6844
3912	9341
3913	4969
3914	7222
3915	1379
3916	3740
3917	7924
3918	7142
3919	9955
3920	9084
3921	7586
3922	9004
3923	8604
3924	7586
3925	3111
3926	8698
3927	5301
3928	6970
3929	9481
3930	8143
3931	9437
3932	10323
3933	8266
3934	9394
3935	464
3936	9693
3937	3954
3938	8892
3939	7267
3940	9336
3941	6913
3942	8042
3943	7278
3944	5150
3945	1356
3946	7889
3947	10013
3948	5292
3949	8000
3950	2915
3951	10140
3952	11047
3953	9359
3954	7286
3955	8750
3956	10524
3957	10794
3958	3881
3959	5926
3960	8921
3961	6629
3962	7014
3963	8062
3964	8934
3965	6770
3966	10438
3967	7107
3968	6723
3969	5547
3970	3561
3971	10252
3972	9969
3973	10762
3974	5008
3975	8954
3976	10925
3977	10738
3978	10881
3979	8798
3980	10312
3981	7082
3982	3592
3983	3407
3984	4601
3985	6841
3986	8241
3987	8908
3988	9993
3989	9224
3990	5763
3991	11000
3992	6549
3993	3583
3994	9108
3995	9107
3996	8921
3997	3562
3998	7927
3999	4439
4000	7883
4001	6578
4002	9155
4003	5148
4004	7267
4005	8051
4006	9780
4007	9397
4008	10308
4009	8287
4010	1828
4011	8446
4012	10930
4013	10012
4014	10863
4015	10243
4016	9261
4017	9485
4018	10324
4019	9563
4020	7013
4021	5239
4022	6853
4023	5162
4024	6414
4025	6642
4026	5637
4027	6787
4028	10033
4029	7325
4030	7843
4031	9934
4032	3459
4033	7100
4034	6933
4035	9853
4036	8955
4037	9181
4038	9393
4039	8432
4040	6265
4041	5379
4042	3359
4043	2811
4044	7431
4045	10214
4046	10497
4047	5563
4048	11062
4049	10882
4050	9533
4051	6948
4052	7893
4053	7522
4054	9245
4055	7460
4056	7940
4057	10083
4058	4736
4059	5875
4060	6198
4061	3965
4062	9431
4063	9525
4064	3588
4065	10264
4066	11044
4067	10881
4068	9098
4069	9424
4070	8721
4071	885
4072	2389
4073	3785
4074	9557
4075	3618
4076	8907
4077	9230
4078	9022
4079	9158
4080	1673
4081	7663
4082	6467
4083	9229
4084	8446
4085	9440
4086	9935
4087	5949
4088	5543
4089	3618
4090	4300
4091	7902
4092	8099
4093	3721
4094	6956
4095	3658
4096	1387
4097	8246
4098	8437
4099	5452
4100	6252
4101	8551
4102	9816
4103	5271
4104	3784
4105	8960
4106	6375
4107	9370
4108	2573
4109	5489
4110	6177
4111	6440
4112	2621
4113	1527
4114	7916
4115	8083
4116	6623
4117	6156
4118	8392
4119	9432
4120	4948
4121	8041
4122	5146
4123	6798
4124	7404
4125	440
4126	4544
4127	6744
4128	4983
4129	6029
4130	8556
4131	8109
4132	3774
4133	7644
4134	4208
4135	8651
4136	3671
4137	9624
4138	8077
4139	5196
4140	4831
4141	8301
4142	9631
4143	9747
4144	8319
4145	9601
4146	9040
4147	10356
4148	8713
4149	9336
4150	2924
4151	9999
4152	6732
4153	8661
4154	10992
4155	6758
4156	3948
4157	7013
4158	9014
4159	7755
4160	10018
4161	9256
4162	10414
4163	7236
4164	9103
4165	10416
4166	1911
4167	6913
4168	9213
4169	7287
4170	8566
4171	6014
4172	10321
4173	9746
4174	8012
4175	5185
4176	9193
4177	10755
4178	10833
4179	7318
4180	8857
4181	9636
4182	8565
4183	9480
4184	7114
4185	3483
4186	3112
4187	7131
4188	5049
4189	6135
4190	2695
4191	7810
4192	7371
4193	7798
4194	7823
4195	8135
4196	9611
4197	7578
4198	4056
4199	7528
4200	3097
4201	6115
4202	7430
4203	8978
4204	9657
4205	5304
4206	8123
4207	6627
4208	9197
4209	9099
4210	9429
4211	7686
4212	4835
4213	8214
4214	7514
4215	10322
4216	7450
4217	6932
4218	8305
4219	9995
4220	8668
4221	7686
4222	9197
4223	5150
4224	5804
4225	11108
4226	9137
4227	7683
4228	9105
4229	7129
4230	5688
4231	1113
4232	5593
4233	8242
4234	4177
4235	3858
4236	5938
4237	9336
4238	8669
4239	9710
4240	8479
4241	9518
4242	9107
4243	11034
4244	10527
4245	9284
4246	6461
4247	8036
4248	7722
4249	8963
4250	10021
4251	6303
4252	10744
4253	6913
4254	9393
4255	8133
4256	10305
4257	10174
4258	10849
4259	11109
4260	8554
4261	10358
4262	9622
4263	9823
4264	10746
4265	11115
4266	9584
4267	11038
4268	9743
4269	10567
4270	10958
4271	8970
4272	9845
4273	9862
4274	8372
4275	6765
4276	8477
4277	6628
4278	6946
4279	10450
4280	10511
4281	11004
4282	10729
4283	10455
4284	10339
4285	10119
4286	10327
4287	10488
4288	10362
4289	8061
4290	6236
4291	10954
4292	10415
4293	9517
4294	10939
4295	10585
4296	8790
4297	10878
4298	10764
4299	9360
4300	10635
4301	10567
4302	11091
4303	10580
4304	10954
4305	8938
4306	10296
4307	8109
4308	1990
4309	2446
4310	10161
4311	10588
4312	10786
4313	6978
4314	5571
4315	9722
4316	8990
4317	10337
4318	10484
4319	9677
4320	10473
4321	10339
4322	10493
4323	10677
4324	10769
4325	9036
4326	10734
4327	10177
4328	10148
4329	9644
4330	10819
4331	10846
4332	10742
4333	10532
4334	10968
4335	10846
4336	10149
4337	10634
4338	10735
4339	11112
4340	9025
4341	7763
4342	9879
4343	4969
4344	10954
4345	10643
4346	9247
4347	8719
4348	9746
4349	11058
4350	10377
4351	8137
4352	9171
4353	11138
4354	10223
4355	10126
4356	10847
4357	10536
4358	11111
4359	10487
4360	9345
4361	10803
4362	10752
4363	10763
4364	9084
4365	10145
4366	9066
4367	10628
4368	5556
4369	3275
4370	10578
4371	8112
4372	8816
4373	7395
4374	2702
4375	8478
4376	7624
4377	9020
4378	4255
4379	9221
4380	10492
4381	10645
4382	10003
4383	4321
4384	8458
4385	10284
4386	10934
4387	9697
4388	7521
4389	10460
4390	10778
4391	11068
4392	10773
4393	11089
4394	9175
4395	10924
4396	7868
4397	11076
4398	11022
4399	10219
4400	9512
4401	11079
4402	7056
4403	10166
4404	7438
4405	3573
4406	8216
4407	9268
4408	5726
4409	5514
4410	5325
4411	3569
4412	6921
4413	8906
4414	6837
4415	6797
4416	8387
4417	6798
4418	3014
4419	6437
4420	9194
4421	7360
4422	9534
4423	9549
4424	8330
4425	8534
4426	8041
4427	9766
4428	8083
4429	8019
4430	5994
4431	8067
4432	6366
4433	10638
4434	8290
4435	4758
4436	8696
4437	6629
4438	9990
4439	10721
4440	7786
4441	7167
4442	10940
4443	1643
4444	5624
4445	3536
4446	6843
4447	7481
4448	6124
4449	6006
4450	5487
4451	8447
4452	6404
4453	9270
4454	1356
4455	2511
4456	9106
4457	156
4458	9770
4459	7103
4460	7733
4461	9354
4462	8833
4463	7216
4464	10821
4465	9109
4466	4257
4467	3760
4468	6578
4469	10721
4470	3412
4471	6440
4472	4341
4473	8900
4474	10326
4475	7827
4476	7337
4477	9942
4478	6260
4479	5489
4480	7581
4481	9981
4482	9402
4483	3860
4484	6320
4485	9851
4486	7918
4487	10808
4488	7412
4489	5783
4490	11020
4491	6400
4492	11144
4493	9791
4494	7416
4495	7287
4496	8199
4497	2882
4498	5718
4499	9410
4500	10829
4501	2943
4502	5545
4503	8650
4504	7130
4505	8203
4506	8768
4507	9969
4508	10249
4509	10672
4510	9922
4511	10147
4512	3147
4513	8607
4514	6120
4515	10306
4516	10657
4517	9731
4518	7031
4519	1826
4520	6746
4521	7175
4522	6396
4523	7397
4524	6625
4525	8052
4526	7763
4527	6629
4528	2980
4529	7587
4530	6908
4531	6726
4532	11137
4533	10945
4534	5994
4535	10320
4536	9020
4537	9269
4538	8446
4539	7067
4540	5275
4541	11024
4542	8814
4543	9587
4544	6143
4545	9770
4546	10122
4547	9429
4548	6297
4549	8403
4550	5196
4551	10240
4552	8789
4553	9190
4554	10588
4555	8596
4556	5321
4557	9177
4558	10085
4559	7988
4560	3171
4561	9479
4562	3417
4563	7893
4564	3642
4565	5060
4566	10898
4567	9255
4568	10075
4569	5006
4570	9409
4571	9642
4572	8711
4573	10567
4574	10046
4575	6658
4576	3657
4577	9284
4578	9202
4579	5670
4580	9549
4581	9252
4582	8404
4583	7827
4584	3245
4585	7376
4586	8937
4587	9680
4588	2794
4589	4139
4590	5492
4591	9176
4592	7103
4593	8914
4594	9774
4595	4441
4596	6964
4597	8124
4598	8503
4599	9587
4600	9000
4601	5683
4602	3138
4603	2237
4604	9967
4605	11032
4606	925
4607	8005
4608	8070
4609	9538
4610	6729
4611	8263
4612	9196
4613	10370
4614	8378
4615	2947
4616	4619
4617	9327
4618	10587
4619	8104
4620	9855
4621	9298
4622	8391
4623	10569
4624	9754
4625	8021
4626	8354
4627	8690
4628	329
4629	7578
4630	3575
4631	5251
4632	9999
4633	5391
4634	366
4635	9535
4636	9354
4637	8711
4638	9184
4639	9728
4640	7682
4641	7682
4642	9993
4643	7946
4644	9703
4645	7568
4646	10786
4647	11112
4648	8037
4649	5949
4650	10971
4651	7422
4652	8881
4653	9351
4654	6732
4655	6396
4656	6247
4657	10248
4658	9793
4659	5920
4660	10809
4661	10617
4662	5855
4663	3904
4664	7941
4665	9004
4666	9003
4667	5576
4668	7743
4669	9393
4670	9714
4671	7690
4672	9249
4673	9602
4674	2482
4675	7664
4676	9614
4677	10619
4678	7714
4679	9669
4680	9855
4681	11121
4682	9420
4683	8768
4684	8323
4685	3176
4686	8437
4687	11118
4688	9474
4689	8264
4690	8613
4691	8892
4692	4914
4693	7950
4694	8503
4695	6725
4696	8441
4697	3116
4698	4797
4699	3114
4700	9160
4701	7542
4702	6891
4703	9042
4704	9746
4705	11045
4706	8021
4707	10006
4708	5135
4709	6842
4710	355
4711	4340
4712	8124
4713	7006
4714	9307
4715	7500
4716	9365
4717	10260
4718	9657
4719	10013
4720	9549
4721	8179
4722	5317
4723	8599
4724	1428
4725	9751
4726	8558
4727	9256
4728	9557
4729	8086
4730	8695
4731	9671
4732	5054
4733	10241
4734	8109
4735	8604
4736	6749
4737	8095
4738	7340
4739	7891
4740	9669
4741	8896
4742	3531
4743	8566
4744	9574
4745	5228
4746	8414
4747	10346
4748	10270
4749	10647
4750	9737
4751	8297
4752	9166
4753	8917
4754	3245
4755	9336
4756	7051
4757	6879
4758	9137
4759	8923
4760	1967
4761	2877
4762	10332
4763	8582
4764	9745
4765	2996
4766	6440
4767	9330
4768	3027
4769	6681
4770	3790
4771	5661
4772	8894
4773	8263
4774	10902
4775	7958
4776	2684
4777	9109
4778	6292
4779	3828
4780	6913
4781	6353
4782	7561
4783	9329
4784	10788
4785	10530
4786	10920
4787	11046
4788	9992
4789	10329
4790	10647
4791	10666
4792	10376
4793	9049
4794	10597
4795	9879
4796	11013
4797	10843
4798	10362
4799	7522
4800	10362
4801	8430
4802	8091
4803	10296
4804	3385
4805	7788
4806	6658
4807	1632
4808	937
4809	2808
4810	6172
4811	10476
4812	1673
4813	7467
4814	8670
4815	9540
4816	2732
4817	8287
4818	9652
4819	8225
4820	10276
4821	9116
4822	8580
4823	9930
4824	8838
4825	8062
4826	6461
4827	5048
4828	6549
4829	10646
4830	3829
4831	9053
4832	8251
4833	7828
4834	8342
4835	9137
4836	5049
4837	7007
4838	9362
4839	9165
4840	4635
4841	5814
4842	8660
4843	6629
4844	7547
4845	10612
4846	8677
4847	10868
4848	10715
4849	9341
4850	11059
4851	10913
4852	10289
4853	5386
4854	9659
4855	10768
4856	10744
4857	10890
4858	10368
4859	10883
4860	10851
4861	10835
4862	10568
4863	10117
4864	10511
4865	9235
4866	9618
4867	4202
4868	9302
4869	8477
4870	6773
4871	10598
4872	9336
4873	8122
4874	9005
4875	7007
4876	8910
4877	10144
4878	9756
4879	9193
4880	8201
4881	8186
4882	4613
4883	10140
4884	6908
4885	4193
4886	5789
4887	9273
4888	10644
4889	6156
4890	6803
4891	5742
4892	5312
4893	1827
4894	7007
4895	7503
4896	8252
4897	8656
4898	7749
4899	6186
4900	4177
4901	7484
4902	5338
4903	8910
4904	5088
4905	1001
4906	5379
4907	9739
4908	8692
4909	9359
4910	9122
4911	9472
4912	7384
4913	6787
4914	5755
4915	9925
4916	11055
4917	10023
4918	7694
4919	7661
4920	9181
4921	9194
4922	9312
4923	11065
4924	11020
4925	2364
4926	3422
4927	6161
4928	10597
4929	8100
4930	10240
4931	8140
4932	9604
4933	8111
4934	5857
4935	9650
4936	9526
4937	5351
4938	8632
4939	9420
4940	6863
4941	5198
4942	9386
4943	7410
4944	9349
4945	404
4946	9123
4947	5764
4948	9480
4949	6517
4950	9861
4951	10300
4952	2944
4953	7606
4954	8673
4955	8377
4956	4826
4957	9846
4958	9813
4959	2054
4960	6476
4961	9444
4962	7993
4963	10195
4964	9202
4965	6879
4966	10708
4967	10026
4968	4056
4969	4846
4970	6519
4971	9942
4972	3550
4973	6936
4974	6442
4975	8221
4976	9826
4977	7878
4978	11111
4979	10189
4980	6437
4981	6663
4982	7487
4983	7565
4984	6129
4985	7510
4986	7658
4987	8922
4988	8884
4989	9300
4990	6629
4991	10436
4992	9114
4993	10725
4994	10475
4995	10218
4996	10640
4997	10394
4998	11059
4999	10601
5000	10957
5001	10349
5002	10887
5003	10959
5004	10754
5005	9700
5006	8040
5007	2433
5008	6479
5009	6958
5010	10955
5011	3468
5012	4028
5013	7889
5014	6778
5015	9245
5016	6164
5017	1646
5018	10036
5019	10011
5020	10022
5021	8711
5022	9660
5023	6810
5024	9633
5025	2789
5026	1968
5027	9574
5028	10396
5029	10992
5030	2908
5031	9524
5032	9661
5033	8466
5034	6776
5035	10857
5036	9587
5037	10235
5038	10334
5039	9704
5040	7993
5041	10133
5042	8354
5043	9293
5044	5563
5045	10952
5046	7007
5047	9338
5048	10905
5049	10691
5050	7661
5051	11071
5052	7673
5053	10176
5054	9420
5055	10268
5056	4558
5057	10252
5058	10011
5059	10219
5060	10465
5061	11019
5062	9999
5063	8082
5064	8692
5065	8387
5066	9929
5067	8101
5068	10637
5069	9767
5070	6293
5071	8989
5072	9248
5073	5479
5074	10701
5075	3717
5076	7838
5077	10164
5078	10235
5079	8595
5080	6127
5081	5484
5082	6112
5083	9898
5084	10972
5085	10400
5086	11065
5087	10933
5088	9789
5089	10547
5090	7012
5091	8696
5092	285
5093	2890
5094	4703
5095	4186
5096	3004
5097	9736
5098	7487
5099	9753
5100	7324
5101	6927
5102	2052
5103	1514
5104	4620
5105	6313
5106	8374
5107	4816
5108	10781
5109	9321
5110	6200
5111	7623
5112	7578
5113	8969
5114	10078
5115	6435
5116	7875
5117	5064
5118	4555
5119	9488
5120	7813
5121	6768
5122	10525
5123	8615
5124	9764
5125	10227
5126	10764
5127	10944
5128	11060
5129	10658
5130	5633
5131	9439
5132	11018
5133	11151
5134	10855
5135	11088
5136	9990
5137	10755
5138	10746
5139	10885
5140	8834
5141	8988
5142	10879
5143	9360
5144	10357
5145	10818
5146	10947
5147	10364
5148	10788
5149	11139
5150	3930
5151	9951
5152	8942
5153	10928
5154	6830
5155	8893
5156	8334
5157	2939
5158	7682
5159	938
5160	9466
5161	6047
5162	6947
5163	10026
5164	6385
5165	4962
5166	10092
5167	9569
5168	9314
5169	10795
5170	10806
5171	7307
5172	10358
5173	8740
5174	11043
5175	9360
5176	9898
5177	10921
5178	10764
5179	9368
5180	10241
5181	9918
5182	8007
5183	9337
5184	10166
5185	3920
5186	6913
5187	10464
5188	7690
5189	5272
5190	9996
5191	5377
5192	6798
5193	8467
5194	4837
5195	10226
5196	7095
5197	470
5198	4158
5199	8661
5200	11059
5201	8489
5202	10384
5203	9535
5204	9930
5205	9118
5206	3104
5207	7663
5208	8955
5209	10604
5210	2759
5211	6418
5212	3754
5213	10203
5214	7901
5215	10581
5216	8505
5217	6699
5218	10028
5219	4909
5220	10618
5221	7750
5222	10820
5223	8560
5224	6732
5225	6935
5226	10488
5227	10794
5228	9688
5229	10808
5230	9441
5231	11152
5232	10267
5233	8994
5234	7672
5235	10800
5236	11070
5237	11139
5238	10364
5239	9662
5240	6501
5241	3767
5242	9045
5243	4238
5244	7330
5245	3782
5246	4865
5247	10429
5248	9543
5249	3618
5250	9623
5251	9891
5252	8531
5253	10219
5254	10693
5255	10781
5256	10669
5257	5100
5258	7489
5259	7868
5260	10630
5261	10967
5262	5635
5263	11126
5264	9045
5265	9300
5266	10068
5267	10082
5268	10914
5269	9985
5270	8528
5271	5010
5272	8049
5273	9692
5274	10140
5275	9547
5276	10935
5277	11097
5278	9006
5279	9760
5280	10758
5281	10604
5282	10425
5283	10124
5284	10727
5285	4815
5286	6768
5287	3788
5288	8280
5289	7313
5290	3721
5291	9641
5292	6570
5293	5834
5294	6822
5295	10085
5296	3902
5297	10858
5298	6235
5299	11092
5300	10664
5301	8732
5302	9187
5303	8002
5304	10064
5305	10062
5306	10870
5307	8963
5308	9731
5309	10509
5310	10567
5311	6578
5312	6218
5313	8909
5314	3082
5315	8638
5316	9022
5317	10701
5318	10973
5319	3299
5320	9998
5321	2995
5322	3679
5323	10971
5324	7454
5325	10027
5326	2551
5327	9367
5328	5391
5329	9341
5330	7786
5331	5309
5332	10958
5333	2804
5334	8434
5335	8911
5336	8974
5337	9510
5338	10165
5339	3501
5340	7987
5341	7399
5342	9473
5343	8727
5344	11100
5345	11105
5346	10576
5347	10159
5348	8088
5349	8524
5350	9302
5351	9664
5352	9905
5353	8922
5354	8878
5355	6103
5356	3138
5357	9690
5358	9426
5359	6312
5360	10169
5361	10710
5362	4426
5363	7521
5364	8272
5365	10527
5366	9189
5367	8835
5368	5786
5369	9137
5370	7608
5371	7420
5372	9196
5373	9634
5374	7529
5375	9842
5376	10664
5377	5764
5378	9370
5379	8566
5380	1925
5381	9628
5382	8804
5383	7410
5384	9326
5385	9837
5386	2569
5387	5800
5388	6747
5389	8601
5390	7741
5391	7585
5392	5292
5393	5271
5394	11063
5395	3124
5396	9783
5397	7474
5398	9713
5399	8811
5400	10171
5401	8096
5402	10585
5403	9564
5404	8604
5405	6668
5406	7718
5407	9360
5408	3895
5409	9765
5410	8984
5411	2826
5412	9650
5413	10205
5414	5055
5415	9642
5416	10182
5417	10514
5418	4882
5419	5563
5420	9707
5421	10432
5422	10022
5423	3837
5424	10739
5425	5853
5426	9749
5427	11143
5428	10533
5429	6956
5430	10187
5431	7130
5432	11042
5433	11146
5434	11004
5435	8431
5436	10246
5437	8376
5438	10570
5439	10076
5440	10895
5441	11107
5442	7270
5443	7199
5444	10955
5445	11055
5446	5745
5447	10423
5448	10883
5449	10635
5450	8909
5451	8704
5452	10998
5453	10944
5454	7964
5455	7603
5456	8859
5457	10186
5458	5818
5459	6760
5460	9225
5461	5764
5462	9345
5463	9533
5464	9713
5465	11021
5466	10132
5467	10403
5468	10597
5469	6576
5470	7983
5471	10634
5472	4143
5473	10177
5474	10655
5475	9878
5476	9427
5477	11100
5478	10677
5479	11018
5480	10939
5481	4806
5482	10210
5483	10746
5484	10833
5485	10466
5486	10954
5487	8857
5488	6316
5489	8491
5490	11022
5491	10856
5492	3817
5493	9093
5494	10144
5495	10612
5496	9403
5497	10284
5498	9326
5499	10783
5500	7199
5501	10394
5502	10381
5503	11051
5504	10447
5505	10755
5506	10350
5507	8731
5508	10951
5509	9075
5510	8207
5511	10501
5512	10635
5513	3878
5514	10804
5515	10849
5516	9102
5517	10469
5518	9834
5519	10729
5520	11088
5521	10725
5522	10861
5523	9888
5524	10035
5525	6685
5526	9802
5527	5535
5528	10214
5529	9709
5530	10488
5531	9328
5532	10996
5533	10705
5534	9293
5535	11059
5536	10875
5537	9564
5538	9756
5539	10170
5540	9954
5541	9589
5542	11136
5543	9784
5544	10439
5545	10063
5546	8058
5547	3062
5548	8235
5549	10705
5550	9978
5551	10137
5552	10766
5553	8367
5554	10951
5555	10897
5556	10920
5557	8974
5558	10401
5559	10909
5560	10299
5561	6905
5562	9345
5563	10569
5564	11003
5565	11112
5566	11080
5567	10715
5568	10738
5569	11073
5570	10546
5571	4933
5572	7952
5573	8702
5574	3701
5575	10995
5576	6772
5577	9868
5578	10440
5579	6627
5580	10727
5581	8971
5582	10308
5583	6544
5584	3847
5585	7803
5586	10014
5587	9687
5588	3968
5589	10925
5590	6863
5591	7971
5592	7661
5593	9536
5594	7149
5595	10113
5596	10427
5597	10774
5598	10573
5599	10978
5600	7237
5601	10118
5602	2504
5603	10131
5604	10098
5605	8712
5606	10528
5607	10806
5608	9596
5609	8209
5610	10152
5611	8714
5612	10742
5613	11114
5614	9230
5615	8877
5616	10544
5617	7747
5618	9472
5619	9427
5620	370
5621	10665
5622	6913
5623	7872
5624	10094
5625	9355
5626	9295
5627	10241
5628	9604
5629	10843
5630	9555
5631	5574
5632	6531
5633	11062
5634	9622
5635	11004
5636	6245
5637	10562
5638	4850
5639	9647
5640	10505
5641	10831
5642	8829
5643	10606
5644	10504
5645	9145
5646	10821
5647	10134
5648	8488
5649	10519
5650	10053
5651	9312
5652	9871
5653	5721
5654	8932
5655	8696
5656	10014
5657	5092
5658	8661
5659	8008
5660	8045
5661	8012
5662	10341
5663	8744
5664	8032
5665	417
5666	7159
5667	6861
5668	7482
5669	5057
5670	6012
5671	7542
5672	8424
5673	8886
5674	8199
5675	10598
5676	10320
5677	1646
5678	7071
5679	6182
5680	10657
5681	8013
5682	6457
5683	8661
5684	6486
5685	10469
5686	8595
5687	9564
5688	5272
5689	10463
5690	9350
5691	5049
5692	6034
5693	7368
5694	10325
5695	11000
5696	10638
5697	9508
5698	4246
5699	8095
5700	9838
5701	7408
5702	10412
5703	9884
5704	10934
5705	1963
5706	10729
5707	11157
5708	11080
5709	9658
5710	9884
5711	9341
5712	7219
5713	9416
5714	4972
5715	10634
5716	10759
5717	10451
5718	4087
5719	10534
5720	10907
5721	8602
5722	9298
5723	9033
5724	9796
5725	10146
5726	9345
5727	9688
5728	10138
5729	10695
5730	6802
5731	3301
5732	9761
5733	9459
5734	6367
5735	5290
5736	9589
5737	10250
5738	7707
5739	5545
5740	5167
5741	6238
5742	10840
5743	6977
5744	10197
5745	10464
5746	5764
5747	10149
5748	10978
5749	9481
5750	9850
5751	8384
5752	10661
5753	8590
5754	8458
5755	5321
5756	8296
5757	6256
5758	8545
5759	10018
5760	8765
5761	10530
5762	7978
5763	7532
5764	10589
5765	9749
5766	10571
5767	7127
5768	9504
5769	10856
5770	10622
5771	4175
5772	10412
5773	8815
5774	9036
5775	7527
5776	10923
5777	10768
5778	10533
5779	9143
5780	10906
5781	10435
5782	9084
5783	7788
5784	10955
5785	10592
5786	10137
5787	4833
5788	9667
5789	10984
5790	7133
5791	9273
5792	9460
5793	6888
5794	10854
5795	9205
5796	10678
5797	10269
5798	7106
5799	10976
5800	10540
5801	7965
5802	6380
5803	7971
5804	9683
5805	10145
5806	10806
5807	7894
5808	10050
5809	9409
5810	8676
5811	8285
5812	6865
5813	10644
5814	5764
5815	10684
5816	10927
5817	8768
5818	9671
5819	10517
5820	7890
5821	10316
5822	8721
5823	10296
5824	10997
5825	10382
5826	10643
5827	11057
5828	10944
5829	9359
5830	10840
5831	11040
5832	9932
5833	11035
5834	7199
5835	9738
5836	10490
5837	9258
5838	7024
5839	10628
5840	9782
5841	10277
5842	6254
5843	9083
5844	10252
5845	9898
5846	10970
5847	11040
5848	10411
5849	9426
5850	10469
5851	9247
5852	11130
5853	10838
5854	10142
5855	10148
5856	8193
5857	10331
5858	9796
5859	10944
5860	10785
5861	7750
5862	9775
5863	10074
5864	10271
5865	10760
5866	11121
5867	8989
5868	9859
5869	10872
5870	5708
5871	10661
5872	10984
5873	10832
5874	10505
5875	10256
5876	9703
5877	9544
5878	10850
5879	10309
5880	8245
5881	5412
5882	10596
5883	9826
5884	8457
5885	8861
5886	10995
5887	11015
5888	10843
5889	10833
5890	11059
5891	10944
5892	8729
5893	6295
5894	9632
5895	10641
5896	10567
5897	6535
5898	8990
5899	10940
5900	10387
5901	10757
5902	10338
5903	10833
5904	11078
5905	11124
5906	10815
5907	10993
5908	10802
5909	10333
5910	10909
5911	10846
5912	10956
5913	10925
5914	8517
5915	9659
5916	9492
5917	11059
5918	9854
5919	8145
5920	10023
5921	10254
5922	5394
5923	9796
5924	11056
5925	10309
5926	10035
5927	10458
5928	9491
5929	9510
5930	6789
5931	10452
5932	10927
5933	7394
5934	10959
5935	8714
5936	10670
5937	10030
5938	10189
5939	10424
5940	9842
5941	9081
5942	8585
5943	9359
5944	10696
5945	7143
5946	11093
5947	9102
5948	8863
5949	9813
5950	11053
5951	8782
5952	11028
5953	10185
5954	9513
5955	9796
5956	10952
5957	10918
5958	8717
5959	7092
5960	10210
5961	9835
5962	10134
5963	10901
5964	10757
5965	10858
5966	10683
5967	10961
5968	8615
5969	11146
5970	10157
5971	11080
5972	10423
5973	10970
5974	6292
5975	10603
5976	10516
5977	10461
5978	10079
5979	11004
5980	8666
5981	8094
5982	10153
5983	10877
5984	8881
5985	9232
5986	10107
5987	8748
5988	11155
5989	10849
5990	8529
5991	9360
5992	11044
5993	3065
5994	9844
5995	7489
5996	9928
5997	10746
5998	8523
5999	9920
6000	10695
6001	10658
6002	9442
6003	10919
6004	9939
6005	10422
6006	10557
6007	9662
6008	10855
6009	10342
6010	10268
6011	11075
6012	9585
6013	8498
6014	10742
6015	10438
6016	10938
6017	7521
6018	6649
6019	7283
6020	10952
6021	10888
6022	8979
6023	4882
6024	9312
6025	11101
6026	10620
6027	10955
6028	10475
6029	10634
6030	10591
6031	5251
6032	9265
6033	8149
6034	5202
6035	8727
6036	9232
6037	9256
6038	10912
6039	9772
6040	8835
6041	10304
6042	10953
6043	8203
6044	7551
6045	2423
6046	6210
6047	8458
6048	8740
6049	9212
6050	10044
6051	9545
6052	2684
6053	3700
6054	8387
6055	6913
6056	8018
6057	9284
6058	9181
6059	9084
6060	5755
6061	11102
6062	10764
6063	9137
6064	9229
6065	10026
6066	7770
6067	8796
6068	10469
6069	6385
6070	10328
6071	10467
6072	11123
6073	8864
6074	10889
6075	10801
6076	11044
6077	9889
6078	10315
6079	8772
6080	11097
6081	8646
6082	10104
6083	7064
6084	9765
6085	6628
6086	8303
6087	8561
6088	11149
6089	9539
6090	9061
6091	9437
6092	10776
6093	10640
6094	7383
6095	9155
6096	10695
6097	9669
6098	7407
6099	9312
6100	9742
6101	3245
6102	10207
6103	5512
6104	9248
6105	8014
6106	10195
6107	8165
6108	3136
6109	7340
6110	9636
6111	10769
6112	10828
6113	10990
6114	9294
6115	10511
6116	9965
6117	5441
6118	2637
6119	6633
6120	3956
6121	10664
6122	8347
6123	5143
6124	7107
6125	4042
6126	5795
6127	4960
6128	10540
6129	5620
6130	7199
6131	9029
6132	7213
6133	10951
6134	8620
6135	10698
6136	11059
6137	11145
6138	10079
6139	8789
6140	8189
6141	1356
6142	4914
6143	4094
6144	10259
6145	7608
6146	8810
6147	10166
6148	9983
6149	11038
6150	10044
6151	6384
6152	10266
6153	4164
6154	6453
6155	8190
6156	9150
6157	10465
6158	8109
6159	2932
6160	1965
6161	3766
6162	8938
6163	8560
6164	4946
6165	9196
6166	10109
6167	6030
6168	8714
6169	10628
6170	4893
6171	11105
6172	1872
6173	2692
6174	6545
6175	8609
6176	6773
6177	3971
6178	3738
6179	3692
6180	5290
6181	7118
6182	4865
6183	355
6184	8814
6185	9190
6186	10421
6187	8406
6188	9007
6189	10598
6190	10515
6191	9189
6192	8808
6193	8585
6194	10569
6195	11151
6196	10445
6197	10000
6198	5392
6199	6504
6200	9397
6201	10438
6202	6308
6203	9397
6204	8933
6205	8901
6206	10171
6207	10213
6208	7503
6209	10080
6210	9286
6211	9998
6212	11038
6213	10837
6214	10750
6215	9312
6216	9488
6217	9875
6218	8767
6219	9735
6220	10806
6221	10781
6222	9814
6223	9501
6224	9102
6225	10196
6226	9426
6227	9189
6228	10520
6229	5330
6230	7399
6231	9969
6232	10435
6233	9784
6234	9036
6235	9097
6236	11011
6237	10464
6238	10697
6239	8659
6240	10739
6241	10818
6242	10152
6243	10792
6244	9198
6245	10692
6246	5354
6247	10585
6248	9808
6249	10066
6250	11122
6251	9731
6252	9098
6253	10888
6254	11055
6255	10835
6256	10846
6257	10032
6258	10854
6259	10108
6260	10076
6261	11130
6262	9460
6263	11064
6264	10610
6265	8782
6266	8256
6267	7486
6268	8340
6269	11123
6270	10198
6271	11062
6272	10219
6273	8658
6274	10746
6275	9344
6276	6447
6277	11062
6278	11129
6279	7761
6280	6844
6281	10792
6282	10924
6283	10416
6284	5301
6285	3842
6286	5432
6287	7505
6288	10887
6289	6313
6290	10483
6291	3931
6292	9664
6293	10067
6294	4893
6295	1091
6296	7915
6297	9479
6298	5301
6299	6287
6300	9590
6301	4177
6302	4868
6303	9251
6304	9909
6305	8892
6306	4977
6307	7360
6308	5693
6309	8444
6310	7379
6311	8906
6312	9515
6313	10969
6314	6908
6315	10457
6316	5196
6317	9110
6318	10196
6319	1969
6320	4056
6321	9195
6322	4903
6323	8492
6324	3330
6325	6171
6326	7361
6327	7704
6328	11095
6329	8834
6330	10084
6331	5763
6332	6879
6333	8545
6334	10984
6335	10238
6336	9863
6337	11029
6338	10395
6339	6069
6340	10158
6341	7265
6342	5391
6343	2436
6344	1647
6345	9060
6346	10875
6347	10909
6348	9463
6349	9197
6350	8677
6351	6571
6352	8454
6353	9928
6354	9911
6355	10762
6356	9953
6357	4771
6358	6326
6359	2914
6360	9741
6361	4545
6362	1356
6363	9455
6364	9266
6365	282
6366	11040
6367	8782
6368	9942
6369	8178
6370	8154
6371	7219
6372	9269
6373	4557
6374	3067
6375	8892
6376	10502
6377	8711
6378	9336
6379	6267
6380	11006
6381	8555
6382	9193
6383	9899
6384	9632
6385	10813
6386	10796
6387	9114
6388	8176
6389	9460
6390	8866
6391	10928
6392	3852
6393	10782
6394	9341
6395	10561
6396	10177
6397	7706
6398	10097
6399	9751
6400	10012
6401	10860
6402	10190
6403	10898
6404	10241
6405	9828
6406	10735
6407	10326
6408	7219
6409	10342
6410	11007
6411	10434
6412	10082
6413	8705
6414	9206
6415	8789
6416	6504
6417	8255
6418	8861
6419	5301
6420	10315
6421	6737
6422	9128
6423	8769
6424	10580
6425	11059
6426	10735
6427	7979
6428	10684
6429	3329
6430	9277
6431	7907
6432	6265
6433	5374
6434	8982
6435	7501
6436	9629
6437	5119
6438	10746
6439	9796
6440	9330
6441	8262
6442	9300
6443	6195
6444	10868
6445	9320
6446	9600
6447	8661
6448	10908
6449	9630
6450	10905
6451	6309
6452	8875
6453	8972
6454	3721
6455	10976
6456	5274
6457	7615
6458	11096
6459	10645
6460	8894
6461	9442
6462	8661
6463	8530
6464	9404
6465	3679
6466	4995
6467	5414
6468	11071
6469	3940
6470	7661
6471	10520
6472	4246
6473	10718
6474	9002
6475	10502
6476	8624
6477	2792
6478	4545
6479	5220
6480	6447
6481	7462
6482	10869
6483	897
6484	4859
6485	8246
6486	3762
6487	10658
6488	10368
6489	11066
6490	8753
6491	6507
6492	10242
6493	11148
6494	9702
6495	4774
6496	7820
6497	10760
6498	8310
6499	10412
6500	10922
6501	9021
6502	8053
6503	7994
6504	8644
6505	11042
6506	7199
6507	9588
6508	11154
6509	7415
6510	8281
6511	11156
6512	11075
6513	10490
6514	5853
6515	10380
6516	9244
6517	10130
6518	9756
6519	9312
6520	11024
6521	8685
6522	10394
6523	5547
6524	9997
6525	6747
6526	7987
6527	11073
6528	9806
6529	7551
6530	10203
6531	11055
6532	6304
6533	10828
6534	9190
6535	6557
6536	10565
6537	4896
6538	7441
6539	9156
6540	7194
6541	9543
6542	10546
6543	8234
6544	9420
6545	8750
6546	10777
6547	10562
6548	9306
6549	10825
6550	10554
6551	9602
6552	8665
6553	9678
6554	9550
6555	10562
6556	11027
6557	7553
6558	9783
6559	9341
6560	8658
6561	10768
6562	11145
6563	9666
6564	10204
6565	6561
6566	5574
6567	9787
6568	10009
6569	10337
6570	6457
6571	8705
6572	9891
6573	10523
6574	10883
6575	4113
6576	6311
6577	11053
6578	9193
6579	10469
6580	10114
6581	6174
6582	10716
6583	11125
6584	9755
6585	10851
6586	10961
6587	9932
6588	9884
6589	10091
6590	8861
6591	9039
6592	10217
6593	8742
6594	10675
6595	5404
6596	10062
6597	9137
6598	10284
6599	8491
6600	10918
6601	8660
6602	10657
6603	9131
6604	9622
6605	10853
6606	10019
6607	5545
6608	5310
6609	10551
6610	10807
6611	9660
6612	4980
6613	8852
6614	9819
6615	8160
6616	10305
6617	10290
6618	6737
6619	10633
6620	10932
6621	10079
6622	11088
6623	10801
6624	4907
6625	10961
6626	9610
6627	8264
6628	9367
6629	8973
6630	9536
6631	5244
6632	10746
6633	10382
6634	9261
6635	9955
6636	10475
6637	10727
6638	3093
6639	9063
6640	10011
6641	7996
6642	8594
6643	10187
6644	10441
6645	10896
6646	5994
6647	6507
6648	8924
6649	10870
6650	10944
6651	9189
6652	10390
6653	10867
6654	5428
6655	9135
6656	10651
6657	8053
6658	6257
6659	10248
6660	10583
6661	10214
6662	10625
6663	7906
6664	9323
6665	10011
6666	4246
6667	8461
6668	10189
6669	7671
6670	8991
6671	8963
6672	10813
6673	8461
6674	7124
6675	9573
6676	10467
6677	10716
6678	10458
6679	6735
6680	11040
6681	10044
6682	4365
6683	2395
6684	6913
6685	1943
6686	4996
6687	9779
6688	11055
6689	6557
6690	10169
6691	6505
6692	7247
6693	9729
6694	10923
6695	9911
6696	8681
6697	10942
6698	9953
6699	10957
6700	10985
6701	9762
6702	6968
6703	10275
6704	8530
6705	10862
6706	9264
6707	6947
6708	7007
6709	10760
6710	9644
6711	5301
6712	10725
6713	10460
6714	10196
6715	11055
6716	10570
6717	8341
6718	8573
6719	10239
6720	4060
6721	10044
6722	11155
6723	7090
6724	11075
6725	6531
6726	10834
6727	10129
6728	10693
6729	9581
6730	9866
6731	7021
6732	10869
6733	9012
6734	9419
6735	8977
6736	9300
6737	8308
6738	6904
6739	10759
6740	4392
6741	10488
6742	10825
6743	7143
6744	10939
6745	9622
6746	10284
6747	9403
6748	10134
6749	9519
6750	5853
6751	7007
6752	10368
6753	10735
6754	6718
6755	9927
6756	9102
6757	8864
6758	7979
6759	10742
