uid	iid
0	0
0	1
0	2
0	3
0	4
0	5
0	6
0	7
1	8
1	9
1	10
1	11
1	12
2	13
2	14
2	15
2	16
2	17
2	18
2	19
2	20
2	21
2	22
2	23
2	24
2	25
2	26
3	27
3	28
3	29
3	30
3	31
3	32
3	33
3	34
3	35
3	36
3	37
3	38
3	39
4	40
4	41
4	42
4	43
4	44
4	45
4	46
4	47
4	48
5	49
5	50
5	51
5	52
5	53
5	54
5	55
5	56
5	57
5	58
5	59
5	60
5	61
5	62
5	63
5	64
5	65
5	66
6	67
6	68
6	69
6	70
6	71
7	72
7	73
7	74
7	75
8	50
8	76
8	77
8	78
8	79
9	33
9	80
9	81
9	82
9	83
9	84
9	85
10	62
10	86
10	87
10	88
11	89
11	90
11	91
11	92
11	93
11	94
12	95
12	96
12	97
12	98
12	99
12	100
12	101
12	102
12	103
12	104
13	105
13	106
13	107
14	108
14	109
14	110
14	111
15	59
15	112
15	113
15	114
15	115
15	116
15	117
16	118
16	119
16	120
16	121
17	56
17	66
17	74
17	116
17	122
17	123
17	124
17	125
17	126
17	127
17	128
17	129
17	130
17	131
17	132
17	133
17	134
17	135
17	136
17	137
17	138
17	139
17	140
18	141
18	142
18	143
18	144
18	145
18	146
18	147
18	148
19	149
19	150
19	151
19	152
19	153
19	154
19	155
20	16
20	65
20	109
20	124
20	156
20	157
20	158
20	159
20	160
20	161
20	162
20	163
20	164
20	165
20	166
20	167
21	168
21	169
21	170
22	103
22	171
22	172
22	173
22	174
22	175
22	176
23	88
23	177
23	178
23	179
23	180
23	181
23	182
23	183
23	184
23	185
23	186
23	187
23	188
23	189
23	190
23	191
24	98
24	123
24	192
24	193
24	194
24	195
24	196
24	197
24	198
24	199
25	200
25	201
25	202
26	99
26	102
26	103
26	104
26	203
26	204
27	11
27	152
27	205
27	206
27	207
27	208
27	209
27	210
27	211
28	212
28	213
28	214
28	215
28	216
29	217
29	218
29	219
29	220
29	221
29	222
29	223
29	224
29	225
29	226
29	227
30	11
30	63
30	98
30	165
30	170
30	174
30	177
30	228
30	229
30	230
30	231
30	232
30	233
30	234
30	235
30	236
30	237
30	238
30	239
30	240
30	241
30	242
30	243
30	244
30	245
30	246
31	25
31	183
31	247
31	248
31	249
31	250
31	251
31	252
31	253
31	254
31	255
31	256
31	257
31	258
31	259
32	42
32	260
32	261
32	262
33	32
33	56
33	263
33	264
33	265
33	266
33	267
33	268
33	269
33	270
33	271
33	272
33	273
34	274
34	275
34	276
35	277
35	278
35	279
35	280
36	80
36	129
36	131
36	236
36	270
36	281
36	282
36	283
36	284
36	285
36	286
37	23
37	231
37	287
37	288
37	289
37	290
38	291
38	292
38	293
39	170
39	294
39	295
39	296
39	297
39	298
40	125
40	128
40	129
40	181
40	262
40	299
40	300
40	301
40	302
40	303
40	304
40	305
40	306
40	307
40	308
40	309
41	107
41	310
41	311
42	152
42	230
42	233
42	312
42	313
42	314
42	315
43	6
43	316
43	317
43	318
43	319
43	320
43	321
43	322
43	323
43	324
43	325
44	183
44	326
44	327
44	328
44	329
44	330
44	331
44	332
45	83
45	331
45	333
45	334
45	335
45	336
45	337
45	338
45	339
45	340
45	341
45	342
45	343
45	344
45	345
45	346
46	45
46	112
46	347
46	348
46	349
46	350
46	351
46	352
46	353
46	354
46	355
46	356
47	22
47	23
47	357
47	358
47	359
47	360
48	227
48	361
48	362
48	363
49	165
49	166
49	364
49	365
49	366
49	367
49	368
50	32
50	178
50	337
50	369
50	370
50	371
50	372
50	373
51	9
51	374
51	375
51	376
51	377
51	378
51	379
52	116
52	285
52	301
52	380
52	381
52	382
52	383
52	384
53	385
53	386
53	387
53	388
53	389
54	390
54	391
54	392
54	393
55	75
55	360
55	389
55	394
55	395
55	396
55	397
55	398
55	399
55	400
55	401
55	402
56	249
56	324
56	332
56	403
56	404
56	405
56	406
56	407
56	408
56	409
56	410
56	411
56	412
56	413
56	414
57	158
57	240
57	314
57	384
57	415
57	416
57	417
57	418
57	419
57	420
57	421
57	422
57	423
57	424
57	425
57	426
57	427
58	248
58	266
58	351
58	393
58	428
58	429
58	430
58	431
58	432
59	118
59	433
59	434
59	435
59	436
59	437
60	13
60	221
60	287
60	402
60	435
60	438
60	439
60	440
60	441
60	442
60	443
60	444
61	34
61	313
61	445
61	446
62	65
62	66
62	86
62	116
62	167
62	185
62	199
62	243
62	269
62	284
62	286
62	309
62	337
62	350
62	382
62	447
62	448
62	449
63	61
63	177
63	243
63	362
63	450
64	11
64	62
64	151
64	387
64	451
64	452
64	453
64	454
64	455
64	456
64	457
64	458
64	459
64	460
65	101
65	243
65	344
65	461
65	462
65	463
65	464
66	385
66	429
66	464
66	465
66	466
66	467
66	468
66	469
66	470
67	428
67	454
67	471
67	472
68	145
68	373
68	473
68	474
68	475
68	476
68	477
68	478
68	479
69	452
69	480
69	481
69	482
69	483
69	484
69	485
69	486
69	487
70	37
70	42
70	87
70	206
70	208
70	346
70	488
70	489
70	490
70	491
70	492
71	29
71	33
71	52
71	63
71	260
71	354
71	427
71	429
71	493
71	494
71	495
71	496
71	497
71	498
71	499
72	196
72	367
72	500
72	501
73	32
73	243
73	367
73	384
73	502
73	503
74	75
74	243
74	338
74	504
75	14
75	24
75	43
75	107
75	120
75	170
75	220
75	399
75	404
75	505
75	506
75	507
75	508
75	509
76	40
76	43
76	50
76	64
76	270
76	336
76	380
76	417
76	449
76	510
76	511
76	512
76	513
76	514
76	515
77	71
77	329
77	384
77	516
77	517
77	518
77	519
77	520
77	521
78	201
78	227
78	399
78	522
78	523
78	524
78	525
78	526
78	527
79	32
79	307
79	420
79	495
79	519
79	528
79	529
79	530
79	531
79	532
79	533
79	534
80	33
80	49
80	76
80	340
80	371
80	431
80	473
80	533
80	535
80	536
80	537
81	209
81	244
81	538
82	166
82	399
82	539
82	540
82	541
83	11
83	246
83	448
83	542
83	543
83	544
83	545
84	205
84	546
84	547
84	548
84	549
84	550
85	53
85	272
85	342
85	344
85	454
85	475
85	549
85	551
85	552
85	553
85	554
85	555
85	556
86	53
86	159
86	167
86	235
86	432
86	557
86	558
86	559
86	560
86	561
86	562
86	563
86	564
86	565
87	164
87	184
87	284
87	292
87	297
87	566
87	567
87	568
87	569
87	570
87	571
87	572
87	573
88	376
88	574
88	575
89	393
89	576
89	577
89	578
90	150
90	579
90	580
90	581
90	582
90	583
90	584
90	585
91	80
91	450
91	585
91	586
92	274
92	394
92	587
92	588
93	295
93	352
93	450
93	589
93	590
93	591
94	79
94	130
94	135
94	154
94	155
94	306
94	592
94	593
94	594
95	380
95	515
95	536
95	595
95	596
95	597
95	598
95	599
95	600
95	601
96	243
96	245
96	458
96	492
96	515
96	602
96	603
96	604
97	167
97	538
97	593
97	605
97	606
97	607
97	608
98	131
98	184
98	188
98	234
98	297
98	382
98	398
98	406
98	570
98	573
98	609
98	610
98	611
98	612
98	613
98	614
98	615
98	616
98	617
98	618
98	619
98	620
99	41
99	296
99	347
99	468
99	621
100	42
100	85
100	113
100	181
100	239
100	286
100	306
100	309
100	356
100	406
100	431
100	501
100	550
100	594
100	614
100	622
100	623
100	624
100	625
100	626
100	627
100	628
100	629
100	630
100	631
100	632
100	633
101	109
101	114
101	130
101	206
101	431
101	468
101	503
101	634
101	635
101	636
101	637
101	638
101	639
102	168
102	425
102	626
102	640
102	641
102	642
102	643
102	644
102	645
103	8
103	115
103	137
103	379
103	646
103	647
103	648
103	649
104	151
104	244
104	650
104	651
104	652
105	27
105	270
105	380
105	429
105	488
105	498
105	525
105	534
105	544
105	557
105	560
105	595
105	603
105	653
105	654
105	655
105	656
105	657
105	658
105	659
105	660
105	661
105	662
106	202
106	362
106	441
106	510
106	596
106	663
106	664
106	665
106	666
106	667
106	668
106	669
107	323
107	406
107	411
107	439
107	670
107	671
107	672
107	673
107	674
108	107
108	221
108	675
108	676
108	677
108	678
108	679
108	680
109	359
109	443
109	494
109	681
109	682
109	683
109	684
109	685
110	393
110	460
110	490
110	686
110	687
110	688
110	689
110	690
111	226
111	227
111	358
111	410
111	435
111	691
111	692
111	693
111	694
112	38
112	42
112	151
112	188
112	367
112	457
112	458
112	463
112	490
112	607
112	618
112	645
112	687
112	695
112	696
112	697
112	698
112	699
113	700
113	701
113	702
113	703
113	704
114	32
114	44
114	88
114	122
114	157
114	159
114	193
114	243
114	282
114	294
114	336
114	437
114	519
114	528
114	543
114	568
114	601
114	705
114	706
114	707
114	708
114	709
114	710
114	711
114	712
114	713
115	714
115	715
115	716
116	160
116	648
116	717
117	88
117	116
117	137
117	165
117	198
117	339
117	470
117	490
117	543
117	556
117	572
117	694
117	718
118	167
118	343
118	452
118	669
118	719
118	720
118	721
119	294
119	424
119	433
119	437
119	516
119	562
119	598
119	630
119	634
119	641
119	668
119	722
119	723
119	724
119	725
119	726
119	727
119	728
119	729
119	730
119	731
119	732
119	733
120	48
120	79
120	157
120	266
120	278
120	284
120	303
120	330
120	440
120	466
120	531
120	557
120	649
120	668
120	731
120	734
120	735
120	736
120	737
120	738
120	739
121	523
121	616
121	731
121	737
121	740
121	741
121	742
122	39
122	179
122	231
122	521
122	709
122	731
122	743
122	744
122	745
123	32
123	34
123	35
123	123
123	130
123	273
123	335
123	501
123	511
123	527
123	599
123	610
123	650
123	746
123	747
123	748
123	749
124	11
124	318
124	454
124	748
124	750
124	751
124	752
125	168
125	182
125	288
125	365
125	406
125	630
125	751
125	753
125	754
126	282
126	364
126	400
126	755
126	756
126	757
126	758
126	759
126	760
127	88
127	156
127	162
127	188
127	231
127	365
127	381
127	424
127	550
127	660
127	697
127	761
127	762
127	763
128	29
128	38
128	297
128	336
128	497
128	511
128	711
128	764
129	180
129	329
129	390
129	440
129	765
129	766
130	10
130	376
130	379
130	767
131	229
131	300
131	307
131	355
131	356
131	536
131	595
131	768
131	769
131	770
132	80
132	165
132	269
132	342
132	556
132	771
132	772
133	96
133	638
133	773
134	74
134	177
134	184
134	278
134	285
134	356
134	426
134	463
134	542
134	633
134	659
134	711
134	730
134	774
134	775
134	776
134	777
134	778
135	274
135	441
135	779
136	274
136	275
136	780
137	39
137	257
137	696
137	781
137	782
138	114
138	120
138	182
138	411
138	516
138	636
138	740
138	783
138	784
138	785
138	786
138	787
139	516
139	666
139	712
139	788
139	789
139	790
139	791
139	792
140	170
140	265
140	610
140	643
140	649
140	705
140	793
140	794
140	795
141	553
141	637
141	664
141	796
141	797
141	798
141	799
142	742
142	800
142	801
142	802
143	67
143	177
143	349
143	537
143	747
143	803
144	30
144	34
144	122
144	164
144	216
144	314
144	551
144	562
144	601
144	658
144	706
144	725
144	726
144	728
144	804
144	805
144	806
145	380
145	498
145	557
145	566
145	635
145	791
145	807
145	808
145	809
145	810
145	811
146	231
146	501
146	525
146	637
146	812
146	813
147	385
147	521
147	593
147	814
148	195
148	292
148	385
148	440
148	516
148	544
148	710
149	157
149	235
149	406
149	441
149	461
149	518
149	545
149	576
149	737
149	815
149	816
150	11
150	91
150	93
150	94
150	327
150	454
150	672
150	817
150	818
151	36
151	282
151	425
151	426
151	516
151	557
151	571
151	595
151	655
151	695
151	743
151	819
151	820
151	821
151	822
151	823
152	39
152	189
152	231
152	405
152	422
152	521
152	597
152	657
152	711
152	764
152	824
152	825
153	134
153	137
153	447
153	594
153	730
153	826
154	109
154	182
154	279
154	333
154	365
154	378
154	469
154	798
155	112
155	352
155	356
155	479
155	567
155	827
155	828
156	60
156	107
156	111
156	234
156	470
156	474
156	489
156	548
156	613
156	644
156	693
156	740
156	772
156	781
157	829
157	830
157	831
158	10
158	11
158	472
158	832
159	84
159	608
159	833
159	834
159	835
160	480
160	481
160	482
160	483
160	485
160	486
160	688
161	91
161	141
161	389
161	444
161	642
161	698
161	783
161	818
161	836
161	837
161	838
161	839
162	19
162	23
162	259
162	357
162	599
162	607
162	761
162	840
162	841
162	842
162	843
162	844
162	845
163	231
163	286
163	417
163	431
163	576
163	792
163	846
164	26
164	256
164	293
164	324
164	405
164	406
164	543
164	622
164	627
164	847
164	848
164	849
164	850
165	26
165	74
165	114
165	128
165	188
165	189
165	254
165	335
165	447
165	448
165	606
165	733
165	851
165	852
165	853
165	854
166	33
166	69
166	319
166	580
166	855
166	856
166	857
167	205
167	422
167	529
167	732
167	754
167	858
167	859
168	362
168	616
168	696
168	860
168	861
168	862
168	863
169	362
169	616
169	696
169	861
169	862
169	863
169	864
170	98
170	165
170	192
170	356
170	384
170	431
170	544
170	636
170	657
170	790
170	865
170	866
170	867
170	868
170	869
171	70
171	150
171	165
171	342
171	455
171	561
171	578
171	621
171	627
171	735
171	834
171	841
171	870
171	871
171	872
171	873
171	874
171	875
172	42
172	250
172	876
173	250
173	259
173	387
173	395
173	430
173	696
173	877
174	44
174	110
174	132
174	156
174	229
174	286
174	304
174	431
174	576
174	595
174	604
174	644
174	712
174	802
174	864
174	869
174	878
174	879
174	880
174	881
175	11
175	39
175	113
175	131
175	250
175	272
175	293
175	350
175	395
175	447
175	457
175	470
175	478
175	479
175	578
175	633
175	690
175	744
175	757
175	831
175	851
175	871
175	882
175	883
175	884
175	885
175	886
176	492
176	499
176	771
176	790
176	877
177	114
177	230
177	499
177	872
177	887
177	888
177	889
178	79
178	235
178	428
178	776
178	890
178	891
179	60
179	65
179	126
179	131
179	232
179	239
179	452
179	460
179	613
179	622
179	645
179	690
179	732
179	781
179	882
179	892
179	893
179	894
180	287
180	363
180	386
180	405
180	849
180	895
180	896
181	170
181	252
181	325
181	394
181	435
181	780
181	897
181	898
181	899
181	900
182	435
182	672
182	901
182	902
183	716
183	903
183	904
184	365
184	495
184	761
184	905
185	152
185	669
185	772
185	787
185	874
185	875
186	240
186	557
186	600
186	732
186	743
187	51
187	312
187	380
187	583
187	585
188	88
188	166
188	231
188	292
188	335
188	336
188	381
188	406
188	501
188	504
188	521
188	641
188	697
188	710
188	711
188	906
188	907
189	67
189	80
189	114
189	125
189	304
189	307
189	356
189	511
189	761
189	816
189	908
190	523
190	810
190	909
191	11
191	527
191	535
191	574
191	743
191	910
191	911
192	379
192	574
192	647
192	816
192	911
192	912
192	913
192	914
193	383
193	384
193	463
193	491
193	530
193	595
193	602
193	644
193	657
193	659
193	688
193	762
193	888
193	915
194	75
194	88
194	206
194	208
194	210
194	526
194	538
194	652
194	916
194	917
195	48
195	81
195	113
195	163
195	198
195	255
195	272
195	284
195	299
195	309
195	449
195	484
195	573
195	619
195	626
195	645
195	777
195	807
196	55
196	70
196	119
196	228
196	636
196	713
196	751
196	762
196	829
196	918
196	919
197	160
197	284
197	333
197	429
197	490
197	514
197	657
197	667
197	870
197	920
198	57
198	122
198	186
198	318
198	341
198	536
198	739
198	918
198	921
199	186
199	198
199	269
199	365
199	406
199	471
199	633
199	718
199	922
199	923
199	924
199	925
199	926
199	927
199	928
200	257
200	604
200	738
200	902
201	337
201	498
201	501
201	523
201	572
201	604
201	738
201	790
201	929
201	930
201	931
202	42
202	205
202	366
202	378
202	501
202	604
202	932
202	933
203	7
203	57
203	80
203	509
203	893
203	934
203	935
203	936
203	937
204	142
204	364
204	518
204	539
204	548
204	582
204	938
204	939
204	940
205	0
205	105
205	321
205	389
205	582
205	941
205	942
205	943
205	944
205	945
205	946
205	947
205	948
205	949
205	950
205	951
205	952
205	953
206	365
206	872
206	905
206	954
207	143
207	282
207	375
207	416
207	579
207	905
207	930
207	955
208	41
208	464
208	625
208	823
208	872
208	889
208	905
208	923
208	956
209	11
209	39
209	74
209	88
209	137
209	164
209	191
209	229
209	230
209	232
209	297
209	541
209	614
209	920
209	927
209	957
210	59
210	116
210	117
210	127
210	132
210	137
210	216
210	269
210	347
210	479
210	511
210	557
210	662
210	883
210	958
210	959
210	960
211	142
211	365
211	378
211	416
211	923
212	23
212	24
212	251
212	360
212	671
212	691
212	961
212	962
212	963
213	57
213	251
213	397
213	442
213	642
213	760
213	839
213	964
213	965
213	966
214	129
214	130
214	235
214	285
214	367
214	534
214	557
214	618
214	631
214	775
214	967
214	968
214	969
214	970
214	971
215	38
215	167
215	250
215	295
215	309
215	646
215	687
215	719
215	720
215	721
216	177
216	422
216	468
216	758
216	972
217	177
217	184
217	189
217	236
217	284
217	406
217	460
217	515
217	557
217	630
217	894
217	973
218	66
218	167
218	336
218	452
218	453
218	457
218	458
218	490
218	491
218	608
218	687
218	781
218	974
219	25
219	89
219	325
219	363
219	670
219	861
219	896
219	975
219	976
219	977
220	111
220	197
220	205
220	365
220	450
221	26
221	39
221	92
221	259
221	284
221	853
221	871
221	894
222	80
222	175
222	651
222	698
222	773
222	877
222	978
222	979
222	980
222	981
222	982
223	70
223	80
223	229
223	235
223	243
223	304
223	307
223	392
223	398
223	493
223	557
223	657
223	689
223	761
223	983
223	984
223	985
223	986
223	987
224	41
224	335
224	743
224	884
224	906
225	80
225	152
225	230
225	884
225	988
226	114
226	135
226	270
226	602
226	642
226	825
227	358
227	359
227	642
227	676
227	843
227	989
227	990
227	991
227	992
228	37
228	80
228	125
228	130
228	139
228	178
228	243
228	266
228	281
228	384
228	472
228	504
228	555
228	669
228	777
228	924
228	993
228	994
228	995
228	996
228	997
228	998
228	999
229	165
229	335
229	835
229	889
229	907
229	920
229	1000
230	384
230	546
230	548
230	595
230	708
230	769
230	788
230	1001
230	1002
230	1003
231	26
231	116
231	652
231	999
232	66
232	116
232	664
232	960
233	109
233	549
233	600
233	730
233	765
233	846
234	243
234	504
234	621
234	971
234	982
234	998
234	1004
234	1005
234	1006
234	1007
235	114
235	278
235	555
235	748
235	1006
236	44
236	178
236	260
236	419
236	637
236	682
236	802
236	1008
236	1009
236	1010
237	47
237	50
237	63
237	83
237	122
237	336
237	380
237	426
237	514
237	576
237	626
237	739
238	243
238	244
238	246
238	686
238	974
238	1011
238	1012
239	45
239	79
239	125
239	532
240	1013
240	1014
240	1015
240	1016
240	1017
240	1018
241	318
241	329
241	413
241	442
241	673
241	680
241	975
241	1019
241	1020
242	40
242	371
242	1021
243	40
243	44
243	47
243	270
243	433
243	826
243	866
243	1022
244	654
244	832
244	980
244	1023
245	403
245	582
245	678
245	915
245	952
245	1024
245	1025
246	141
246	365
246	507
246	623
246	751
246	784
246	885
246	941
246	962
246	1025
246	1026
246	1027
246	1028
246	1029
246	1030
247	94
247	253
247	257
247	323
247	324
247	389
247	394
247	441
247	473
247	568
247	628
247	642
247	674
247	675
247	678
247	732
247	900
247	1031
247	1032
247	1033
248	28
248	205
248	323
248	324
248	428
248	433
248	536
248	557
248	559
248	604
248	1034
249	222
249	225
249	255
249	287
249	414
249	675
249	680
249	681
249	849
249	885
249	1027
249	1035
249	1036
249	1037
249	1038
249	1039
249	1040
250	386
250	400
250	582
250	783
250	840
250	919
250	922
250	1019
250	1041
250	1042
250	1043
251	299
251	494
251	882
252	45
252	114
252	137
252	140
252	191
252	220
252	557
252	631
252	667
252	699
252	730
252	827
253	187
253	384
253	406
253	529
253	557
253	927
254	61
254	112
254	152
254	174
254	207
254	235
254	288
254	333
254	449
254	464
254	478
254	561
254	565
254	841
254	863
254	974
254	988
254	1002
254	1012
254	1044
254	1045
255	23
255	245
255	854
255	907
256	108
256	119
256	280
256	300
256	469
256	502
256	555
256	834
256	874
256	1009
256	1046
256	1047
256	1048
257	108
257	548
257	552
257	643
257	644
257	657
257	892
257	986
257	1008
257	1038
257	1049
258	374
258	646
258	721
258	911
259	89
259	247
259	248
259	670
259	671
259	684
259	886
259	1050
259	1051
260	38
260	66
260	239
260	284
260	286
260	630
260	687
260	777
260	978
260	1052
261	174
261	206
261	246
261	332
261	335
261	344
261	406
261	489
261	614
261	620
261	660
261	669
261	854
261	920
261	995
261	1053
261	1054
262	101
262	102
262	154
262	176
262	177
262	741
262	782
262	979
262	1055
262	1056
263	71
263	137
263	191
263	198
263	332
263	872
263	1011
264	161
264	184
264	272
264	297
264	309
264	367
264	382
264	645
264	659
264	784
264	989
265	19
265	25
265	438
265	1057
266	78
266	139
266	198
266	406
266	718
266	821
266	924
266	1011
267	66
267	208
267	234
267	293
267	881
267	1058
268	53
268	114
268	270
268	453
268	466
268	735
268	798
268	883
268	1059
268	1060
269	66
269	82
269	112
269	116
269	406
269	470
269	621
269	637
269	875
269	957
269	959
269	1061
269	1062
270	109
270	183
270	440
270	751
270	857
270	1063
271	549
271	771
271	955
271	969
272	115
272	277
272	347
272	662
272	728
272	766
272	788
272	969
273	134
273	260
273	269
273	367
273	533
273	915
273	968
273	1007
273	1064
274	67
274	661
274	733
274	870
274	958
275	452
275	482
275	483
275	484
275	485
275	486
275	487
275	688
276	328
276	584
276	1065
276	1066
276	1067
277	278
277	367
277	434
277	1068
278	79
278	243
278	352
278	842
279	248
279	255
279	360
279	444
279	680
279	684
279	961
279	1040
279	1069
279	1070
279	1071
279	1072
280	14
280	414
280	680
280	951
280	1073
280	1074
280	1075
281	1
281	142
281	222
281	225
281	317
281	361
281	394
281	779
281	838
281	856
281	1076
281	1077
281	1078
281	1079
281	1080
282	314
282	516
282	595
282	599
282	626
282	786
282	809
283	327
283	616
283	936
284	1
284	2
284	3
284	4
284	105
284	142
284	321
284	401
284	407
284	415
284	779
284	1077
284	1081
285	11
285	290
285	454
285	830
286	79
286	115
286	295
286	470
287	265
287	488
287	536
287	557
287	576
287	663
287	764
287	800
288	65
288	158
288	495
288	859
288	918
288	926
289	26
289	41
289	137
289	184
289	186
289	251
289	285
289	297
289	332
289	405
289	406
289	453
289	463
289	501
289	573
289	619
289	627
289	628
289	633
289	821
289	823
289	854
289	1010
289	1082
290	114
290	156
290	191
290	300
290	602
290	610
290	611
290	616
290	887
290	908
290	915
291	92
291	256
291	405
291	406
291	414
291	454
291	476
291	570
291	695
291	713
291	784
291	855
291	881
291	902
291	917
291	931
291	1028
291	1029
291	1067
291	1083
291	1084
292	241
292	454
292	816
292	847
292	1085
293	22
293	26
293	358
293	844
294	568
294	957
294	961
294	964
294	1086
294	1087
295	321
295	325
295	361
295	642
295	672
295	1019
295	1080
295	1088
295	1089
296	142
296	170
296	283
296	528
296	536
296	793
296	799
296	809
296	831
296	1090
296	1091
296	1092
296	1093
296	1094
297	280
297	339
297	547
297	1059
297	1095
297	1096
298	152
298	525
298	545
298	638
299	46
299	52
299	809
299	1097
300	538
300	568
300	602
300	608
300	686
300	1098
301	61
301	174
301	641
301	771
301	1099
302	140
302	174
302	356
302	384
302	598
302	718
302	728
302	887
302	1100
303	114
303	153
303	461
303	471
303	516
303	559
303	568
303	657
303	682
303	759
303	760
303	788
303	881
303	985
303	1101
304	59
304	60
304	184
304	192
304	229
304	285
304	300
304	301
304	426
304	603
304	622
304	739
304	764
304	1006
304	1102
304	1103
305	20
305	68
305	454
305	745
306	252
306	295
306	383
306	463
306	641
306	658
306	820
306	1104
307	62
307	125
307	134
307	185
307	463
307	569
307	621
307	700
307	868
308	130
308	286
308	330
308	350
308	371
308	384
308	535
308	536
308	824
308	1105
309	374
309	379
309	648
309	973
309	1106
310	73
310	149
310	152
310	242
310	999
311	7
311	28
311	253
311	861
311	1032
311	1037
311	1107
312	13
312	142
312	321
312	444
312	685
312	782
312	836
312	852
312	862
312	885
312	1010
312	1040
312	1051
312	1108
312	1109
312	1110
313	303
313	341
313	490
313	503
313	1043
313	1111
314	612
314	685
314	798
315	366
315	406
315	829
315	846
315	849
316	217
316	411
316	644
316	939
316	980
316	1107
316	1112
317	3
317	68
317	441
317	644
317	1019
317	1109
318	68
318	69
318	644
318	694
318	1113
319	107
319	120
319	161
319	182
319	196
319	260
319	365
319	495
319	521
319	611
319	1114
319	1115
320	88
320	182
320	250
320	259
320	378
320	502
320	618
320	929
320	993
320	1067
320	1102
321	346
321	538
321	635
321	863
321	872
321	1116
322	293
322	504
322	872
322	891
322	972
322	1117
323	123
323	473
323	585
324	55
324	114
324	122
324	191
324	349
324	352
324	353
324	568
324	603
324	627
324	711
324	1082
325	127
325	348
325	353
325	546
325	621
326	133
326	353
326	390
326	621
326	650
326	806
326	1100
327	44
327	128
327	129
327	164
327	286
327	348
327	426
327	557
327	590
327	613
327	654
327	784
328	5
328	340
328	1034
329	98
329	114
329	129
329	153
329	177
329	215
329	426
329	548
329	559
329	567
329	568
329	657
329	816
329	1101
329	1118
330	260
330	611
330	711
330	955
330	1106
331	165
331	542
331	1119
332	667
332	744
332	869
332	1120
333	56
333	819
333	1045
334	683
334	695
334	797
334	921
334	1071
334	1089
334	1121
335	317
335	325
335	404
335	973
335	1063
336	58
336	319
336	407
336	819
336	837
336	844
336	892
336	1014
337	358
337	439
337	843
337	1051
337	1084
337	1122
338	325
338	682
338	1051
338	1122
338	1123
338	1124
339	90
339	1122
339	1125
340	18
340	147
340	205
340	357
340	388
340	605
340	784
340	842
341	58
341	189
341	231
341	365
341	643
341	697
342	632
342	633
342	705
342	1023
342	1093
343	66
343	123
343	167
343	246
343	441
343	816
343	965
344	112
344	233
344	349
344	352
344	353
344	392
344	431
344	602
344	634
344	648
344	657
344	864
344	883
344	926
344	985
344	998
344	1000
344	1007
344	1059
344	1096
344	1105
345	67
345	85
345	114
345	178
345	198
345	583
345	618
345	689
345	747
345	819
345	959
346	512
346	757
346	790
347	255
347	394
347	405
347	454
347	473
347	678
347	886
347	917
347	992
347	1027
347	1030
347	1076
347	1084
347	1108
348	92
348	205
348	217
348	363
348	406
348	410
348	442
348	670
348	675
348	681
348	682
348	861
348	931
348	941
348	965
348	975
348	1027
348	1038
348	1069
348	1109
349	20
349	205
349	247
349	248
349	255
349	670
349	675
349	713
349	849
349	896
349	935
349	1027
349	1029
349	1030
349	1040
349	1069
349	1120
350	331
350	545
350	1126
350	1127
351	32
351	94
351	131
351	142
351	452
351	645
351	690
351	831
351	882
351	892
351	1106
352	606
352	853
352	860
353	40
353	615
353	1033
354	190
354	615
354	867
355	329
355	450
355	495
355	513
355	708
355	971
355	1053
355	1095
355	1128
356	55
356	183
356	229
356	301
356	381
356	384
356	513
356	528
356	548
356	727
356	762
356	829
356	859
356	999
357	282
357	463
357	636
357	823
357	881
357	1058
358	79
358	114
358	153
358	163
358	243
358	254
358	398
358	578
358	883
358	1003
358	1004
358	1044
358	1101
359	13
359	23
359	26
359	54
359	56
359	147
359	433
359	490
359	501
359	520
359	530
359	569
359	595
359	637
359	660
359	778
359	885
359	896
359	1106
359	1110
359	1111
359	1114
359	1120
360	272
360	490
360	604
360	631
360	735
360	833
360	971
361	75
361	492
361	751
361	845
361	877
361	974
361	1012
362	40
362	167
362	393
362	412
362	537
362	602
362	794
362	957
362	960
362	1003
363	70
363	145
363	149
363	204
363	282
363	293
363	464
363	812
363	863
363	864
363	1012
363	1046
363	1080
364	79
364	137
364	479
364	982
365	231
365	411
365	676
365	807
365	818
366	69
366	123
366	410
366	676
366	940
367	184
367	246
367	820
367	1129
368	107
368	144
368	197
368	227
368	289
368	324
368	444
368	1073
369	40
369	174
369	526
369	787
369	870
369	1044
369	1072
370	371
370	889
370	1130
371	698
371	787
371	870
371	889
371	1117
372	70
372	431
372	479
372	555
372	589
372	709
372	731
372	1022
372	1103
373	33
373	50
373	164
373	186
373	271
373	433
373	501
373	528
373	595
373	666
373	788
373	805
373	858
373	994
373	1127
373	1131
374	79
374	669
374	874
375	114
375	283
375	288
375	353
375	479
375	586
375	730
376	195
376	410
376	672
376	862
376	1083
377	33
377	43
377	50
377	64
377	134
377	381
377	657
377	1105
377	1132
378	88
378	250
378	365
378	378
378	630
378	636
378	650
378	660
378	682
378	761
378	954
379	295
379	563
379	1073
380	452
380	480
380	481
380	482
380	483
380	484
380	485
380	486
380	487
381	34
381	193
381	571
381	590
381	722
381	1131
382	68
382	580
382	628
382	644
382	657
382	673
382	1019
382	1051
382	1117
382	1133
383	231
383	527
383	612
383	972
384	1
384	275
384	1014
384	1032
385	436
385	524
385	868
385	952
386	118
386	150
386	180
386	295
386	683
386	751
386	799
386	908
386	1067
386	1134
387	104
387	137
387	150
387	286
387	338
387	342
387	356
387	398
387	565
387	620
387	651
387	682
387	733
387	787
387	877
387	904
387	998
388	192
388	453
388	570
389	43
389	465
389	1135
390	14
390	216
390	359
390	842
390	1136
391	15
391	26
391	40
391	156
391	256
391	362
391	406
391	411
391	412
391	444
391	558
391	566
391	568
391	751
391	792
391	847
391	861
391	862
391	886
391	896
391	941
391	1026
391	1050
391	1090
391	1129
392	79
392	116
392	135
392	631
392	699
392	718
392	770
393	679
393	1034
393	1035
393	1037
393	1062
393	1110
393	1137
394	163
394	257
394	582
395	88
395	124
395	296
395	365
395	424
396	33
396	590
396	595
396	919
396	983
397	287
397	396
397	509
397	685
397	901
397	962
397	963
397	1029
397	1071
398	118
398	162
398	183
398	493
398	1065
399	22
399	505
399	901
399	1138
400	19
400	26
400	114
400	439
400	454
400	787
400	922
401	317
401	779
401	1020
402	37
402	80
402	244
402	344
402	455
403	116
403	153
403	154
403	262
403	447
403	449
403	628
403	689
403	875
403	982
403	1133
404	270
404	574
404	575
404	913
405	248
405	364
405	438
405	494
405	842
405	893
406	81
406	116
406	187
406	189
406	285
406	354
407	587
407	677
407	1139
408	468
408	672
408	861
409	218
409	251
409	413
409	808
409	1015
409	1050
409	1138
410	95
410	102
410	104
410	172
410	175
410	203
410	205
410	651
410	877
410	1056
410	1119
410	1140
410	1141
411	716
411	903
411	1142
412	134
412	329
412	330
412	522
412	790
412	799
412	966
413	111
413	339
413	513
413	687
413	907
413	1102
413	1136
414	65
414	415
414	514
414	557
414	811
414	1143
415	184
415	202
415	629
415	1085
415	1143
416	59
416	77
416	79
416	112
416	115
416	164
416	197
416	490
416	875
416	1006
417	182
417	281
417	336
417	568
417	656
418	339
418	692
418	974
419	36
419	462
419	801
419	878
419	1144
419	1145
420	119
420	231
420	327
420	1137
420	1138
421	258
421	371
421	793
421	966
421	1130
421	1146
422	11
422	176
422	280
422	333
422	470
422	504
422	556
422	648
422	874
422	883
422	982
422	987
422	1045
422	1061
422	1096
423	286
423	329
423	517
423	528
423	663
423	984
424	937
424	941
424	1076
425	664
425	751
425	906
425	1147
425	1148
426	318
426	1016
426	1017
426	1018
427	153
427	186
427	284
427	327
427	498
427	596
427	628
427	731
427	789
427	793
427	814
427	958
427	966
428	114
428	181
428	187
428	199
428	271
428	353
428	718
428	959
429	602
429	852
429	1072
429	1094
429	1134
430	81
430	335
430	384
430	490
430	557
430	570
430	739
430	743
430	777
431	55
431	380
431	433
431	557
431	653
431	724
432	751
432	846
432	1149
432	1150
433	286
433	295
433	450
433	883
434	830
434	929
434	1081
434	1126
435	205
435	968
435	1062
435	1106
436	140
436	313
436	423
436	1146
437	339
437	704
437	865
437	1007
437	1151
438	98
438	177
438	326
438	327
438	441
438	471
438	692
438	732
438	881
438	1105
438	1152
439	62
439	92
439	218
439	219
439	224
439	397
439	681
439	692
439	755
439	778
439	839
439	848
439	930
439	964
439	965
439	966
439	977
439	990
439	1015
439	1034
439	1038
439	1087
439	1115
439	1153
439	1154
440	142
440	394
440	587
440	588
441	376
441	960
441	967
442	412
442	628
442	656
442	698
442	750
442	784
442	795
442	798
442	1129
443	142
443	642
443	779
443	953
443	1013
444	21
444	109
444	162
444	411
444	554
444	984
445	105
445	465
445	1155
446	14
446	84
446	205
446	249
446	257
446	441
446	784
446	1008
446	1037
446	1069
447	204
447	607
447	1025
448	162
448	365
448	512
449	282
449	521
449	1156
450	462
450	1145
450	1157
451	473
451	726
451	846
451	975
451	1073
451	1143
452	200
452	551
452	873
452	1105
453	89
453	326
453	413
453	588
453	925
453	952
453	1019
453	1076
453	1158
454	313
454	330
454	804
454	805
454	866
454	1105
455	461
455	563
455	906
456	105
456	276
456	387
456	451
456	937
456	1113
456	1156
456	1159
456	1160
457	9
457	203
457	379
457	565
457	575
457	967
457	981
457	1056
457	1161
458	47
458	79
458	355
458	475
458	498
458	649
458	967
458	1003
459	716
459	903
459	950
459	1157
459	1162
460	70
460	585
460	909
460	996
460	1061
461	292
461	293
461	406
462	54
462	162
462	179
462	1046
463	117
463	266
463	356
463	371
463	575
463	904
463	912
464	92
464	280
464	561
464	730
464	869
464	982
464	1006
464	1007
464	1046
464	1048
464	1097
465	5
465	937
465	1015
466	137
466	314
466	641
466	936
466	1097
466	1100
466	1163
467	184
467	286
467	393
467	695
467	888
467	1123
468	253
468	588
468	642
468	900
468	1019
468	1033
469	796
469	1049
469	1147
470	11
470	88
470	216
470	281
470	371
470	759
470	1155
471	229
471	293
471	304
471	391
471	525
471	544
471	909
471	992
471	1059
472	310
472	370
472	899
472	1121
472	1164
472	1165
472	1166
472	1167
472	1168
472	1169
473	3
473	413
473	587
473	779
473	1088
473	1170
474	432
474	980
474	1156
474	1171
475	469
475	869
475	1045
476	462
476	801
476	878
476	950
476	1144
476	1157
476	1172
476	1173
477	435
477	451
477	597
477	1027
477	1174
478	17
478	20
478	21
478	24
478	227
478	290
478	501
478	671
478	922
478	963
478	1083
479	31
479	86
479	318
479	372
479	717
480	9
480	339
480	379
480	883
480	913
480	924
481	8
481	270
481	535
481	646
481	914
482	495
482	560
482	561
482	814
483	204
483	260
483	524
483	525
483	932
483	954
483	1114
484	105
484	321
484	389
484	943
484	944
484	945
484	946
484	947
484	948
484	949
484	950
484	951
485	147
485	177
485	301
485	350
485	454
485	634
485	668
485	1002
485	1003
485	1103
486	248
486	1050
486	1080
487	18
487	249
487	473
488	540
488	807
488	898
488	1175
489	272
489	304
489	384
489	448
489	594
489	630
489	890
490	114
490	154
490	229
490	308
490	469
490	603
490	972
490	1140
491	294
491	313
491	541
491	641
491	732
491	898
491	978
491	1073
492	75
492	87
492	641
492	723
492	732
492	880
492	966
492	1149
492	1176
493	282
493	1153
493	1177
494	92
494	121
494	1153
495	817
495	818
495	850
496	96
496	228
496	978
496	1099
496	1140
496	1150
496	1161
497	92
497	137
497	156
497	250
497	463
497	750
497	753
497	762
497	790
497	900
497	906
497	908
497	1080
497	1090
498	432
498	773
498	873
499	6
499	310
499	370
499	677
499	1164
499	1165
499	1166
499	1167
499	1168
499	1169
499	1178
500	704
500	1009
500	1094
500	1130
500	1179
501	321
501	389
501	698
501	796
501	1042
502	200
502	311
502	930
502	1067
503	105
503	321
503	389
503	943
503	944
503	945
503	946
503	947
503	948
503	949
503	950
503	951
504	235
504	271
504	555
504	613
504	640
504	643
504	804
504	916
504	1100
505	701
505	1041
505	1064
506	511
506	513
506	528
506	569
506	746
507	144
507	151
507	170
507	675
507	799
507	862
507	968
507	1010
507	1130
507	1134
507	1146
508	88
508	92
508	440
508	799
508	890
509	431
509	500
509	501
509	599
509	710
509	791
510	136
510	303
510	516
510	1143
510	1176
510	1179
511	1
511	23
511	142
511	310
511	411
511	582
511	745
511	1180
511	1181
512	473
512	493
512	495
512	542
512	954
512	1182
513	293
513	592
513	624
513	682
513	817
513	847
513	885
513	902
513	917
513	931
513	1028
514	925
514	1065
514	1152
515	1078
515	1155
515	1183
516	381
516	570
516	927
516	978
517	78
517	153
517	478
517	1003
517	1060
518	416
518	939
518	1104
519	105
519	321
519	389
519	943
519	944
519	945
519	946
519	947
519	948
519	949
519	950
519	951
520	229
520	281
520	288
520	794
520	973
520	982
520	1129
520	1161
521	28
521	1089
521	1154
521	1172
522	43
522	286
522	521
522	667
522	809
522	884
522	906
523	327
523	357
523	453
523	472
523	664
523	778
523	1181
524	141
524	519
524	838
524	844
524	976
524	1070
524	1083
524	1148
525	96
525	99
525	104
525	1119
525	1184
526	232
526	431
526	742
526	850
526	1063
527	170
527	428
527	476
527	544
527	633
527	642
527	802
527	840
527	847
527	954
527	1109
528	6
528	106
528	310
528	370
528	1164
528	1165
528	1167
528	1168
528	1169
528	1185
529	61
529	547
529	741
529	1132
530	190
530	194
530	531
530	657
530	881
530	1099
530	1161
531	110
531	174
531	293
531	392
531	429
531	521
531	537
531	596
531	636
531	833
531	916
531	1048
531	1080
532	39
532	74
532	599
532	734
532	982
533	174
533	288
533	329
533	972
533	1090
534	93
534	952
534	980
535	832
535	1078
535	1183
536	119
536	193
536	293
536	473
536	498
536	548
536	1007
536	1132
537	26
537	250
537	1079
537	1089
538	310
538	370
538	401
538	1164
538	1165
538	1166
538	1167
538	1168
538	1169
538	1170
539	15
539	30
539	127
539	130
539	418
539	433
539	521
539	726
539	755
539	1091
540	40
540	279
540	288
540	296
540	338
540	463
540	710
540	759
540	812
540	995
540	1074
541	198
541	199
541	595
541	606
541	709
541	739
541	909
542	334
542	571
542	572
542	749
543	134
543	136
543	193
543	409
543	774
543	991
543	1007
543	1068
544	0
544	53
544	296
544	327
544	405
544	428
544	990
544	992
544	1080
545	29
545	52
545	292
545	367
545	667
545	824
546	274
546	387
546	691
547	113
547	199
547	339
547	718
547	782
547	834
547	871
547	883
547	987
547	996
547	1002
547	1003
548	1
548	2
548	3
548	204
548	223
548	225
548	698
548	1087
548	1137
548	1159
548	1166
549	31
549	334
549	462
549	952
549	1144
549	1145
550	282
550	299
550	348
550	532
550	634
550	709
550	710
551	270
551	296
551	300
551	516
551	523
551	577
551	621
551	728
551	743
551	785
551	938
551	1132
551	1163
551	1177
551	1186
551	1187
552	32
552	40
552	59
552	136
552	150
552	277
552	637
552	661
552	1061
552	1151
553	177
553	195
553	792
554	390
554	419
554	528
554	766
554	1149
555	218
555	600
555	707
555	728
555	848
555	927
556	14
556	329
556	378
556	797
556	968
557	98
557	109
557	119
557	277
557	304
557	553
557	1060
557	1099
557	1151
558	282
558	991
558	1177
559	432
559	769
559	1171
560	84
560	220
560	327
560	388
560	525
560	811
560	936
560	986
561	91
561	318
561	409
561	1188
562	268
562	440
562	1153
563	498
563	657
563	728
563	965
563	985
563	1046
564	565
564	881
564	982
564	1161
565	33
565	442
565	822
565	977
566	278
566	354
566	384
566	589
566	819
566	906
566	1022
567	196
567	329
567	501
567	642
567	932
568	678
568	822
568	1189
569	3
569	6
569	310
569	370
569	409
569	677
569	1013
569	1164
569	1166
569	1167
569	1168
569	1169
569	1178
570	9
570	10
570	11
570	12
570	104
570	114
570	377
570	575
570	647
570	883
570	913
571	51
571	58
571	428
571	490
571	498
571	643
571	687
571	811
571	854
571	892
572	371
572	409
572	530
572	936
573	231
573	694
573	849
573	855
574	462
574	862
574	1144
574	1145
574	1157
574	1173
575	71
575	967
575	1111
576	105
576	321
576	389
576	642
576	943
576	944
576	945
576	946
576	947
576	948
576	949
576	950
576	951
577	42
577	367
577	1121
578	339
578	586
578	777
578	910
579	808
579	1050
579	1122
580	171
580	524
580	979
581	734
581	930
581	1054
581	1152
582	27
582	28
582	87
582	313
582	330
582	384
582	528
582	657
582	706
582	791
582	804
582	837
582	906
582	930
582	1054
582	1130
583	86
583	462
583	599
583	640
583	1145
584	142
584	394
584	779
584	1160
585	157
585	299
585	867
585	1161
585	1163
586	845
586	1012
586	1135
587	257
587	413
587	753
587	848
587	860
587	976
588	1015
588	1110
588	1142
589	134
589	273
589	371
589	862
589	1143
590	65
590	453
590	505
590	678
590	694
590	847
590	850
590	897
590	934
590	989
590	1075
590	1137
591	312
591	643
591	802
591	1025
592	39
592	183
592	185
592	347
592	430
592	525
592	772
592	883
592	986
592	1045
592	1063
592	1101
592	1129
593	37
593	41
593	303
593	665
593	669
594	16
594	17
594	197
594	396
594	506
594	507
594	691
594	963
594	977
594	1138
595	156
595	227
595	338
595	371
595	698
596	692
596	1065
596	1136
597	39
597	126
597	161
597	303
597	502
597	729
597	764
597	983
597	1115
598	384
598	421
598	695
598	790
598	859
598	1068
599	103
599	419
599	1161
600	110
600	172
600	233
600	392
600	525
600	738
600	954
600	983
600	996
601	23
601	219
601	406
601	444
601	501
601	625
601	673
601	679
601	885
601	929
601	1008
601	1036
601	1070
601	1072
601	1080
601	1135
601	1137
602	144
602	822
602	876
602	1159
603	8
603	9
603	12
603	377
603	418
603	575
603	699
603	911
603	912
603	913
603	914
603	1105
604	301
604	637
604	642
604	926
604	1171
605	116
605	181
605	517
605	739
606	114
606	235
606	338
606	468
606	501
606	545
606	561
606	692
607	321
607	780
607	951
607	1188
608	142
608	394
608	716
608	931
608	950
608	1139
608	1157
608	1162
609	219
609	223
609	416
609	435
609	885
609	1037
609	1137
610	477
610	593
610	636
611	716
611	903
611	1128
611	1182
612	74
612	96
612	101
612	124
612	332
612	1116
613	11
613	62
613	68
613	114
613	205
613	229
613	396
613	474
613	566
613	612
613	637
613	682
613	797
613	829
613	869
613	919
613	921
613	1114
614	134
614	303
614	582
614	764
614	1132
614	1152
614	1186
615	109
615	176
615	193
615	471
615	638
615	1095
616	114
616	132
616	291
616	332
616	405
616	411
616	454
616	463
616	554
616	566
616	602
616	609
616	619
616	847
616	964
617	163
617	620
617	840
618	432
618	769
618	1073
619	98
619	137
619	551
619	639
619	722
619	789
619	810
619	858
620	137
620	157
620	432
620	701
620	727
620	756
620	826
620	1102
621	294
621	340
621	801
621	802
622	295
622	333
622	468
622	535
622	655
622	705
622	710
622	830
622	984
622	1052
622	1131
623	44
623	52
623	384
623	463
623	511
623	515
623	520
623	568
623	591
623	601
623	624
623	658
623	668
623	809
623	821
624	282
624	582
624	628
625	110
625	475
625	533
625	534
625	789
625	967
625	1120
626	93
626	248
626	253
626	438
626	934
626	1051
626	1086
626	1146
626	1154
627	922
627	1058
627	1090
628	57
628	66
628	215
628	227
628	455
628	463
628	550
628	602
629	74
629	177
629	296
629	923
629	1119
630	384
630	391
630	1171
631	82
631	114
631	304
631	782
631	803
631	831
631	833
632	59
632	88
632	278
632	307
632	308
632	384
632	616
632	730
632	736
632	769
632	775
632	786
632	788
632	1006
632	1098
633	40
633	61
633	69
633	92
633	183
633	226
633	441
633	644
633	864
633	921
633	999
633	1136
634	53
634	605
634	1087
635	725
635	741
635	938
635	1068
636	95
636	1023
636	1141
636	1190
637	327
637	373
637	543
637	641
637	815
638	150
638	651
638	879
638	1119
638	1141
639	879
639	982
639	1055
639	1141
640	124
640	159
640	420
640	494
640	510
640	577
640	641
641	73
641	625
641	792
641	978
642	265
642	1004
642	1047
643	6
643	1170
643	1185
643	1191
644	18
644	26
644	89
644	205
644	287
644	327
644	365
644	403
644	498
644	501
644	745
644	817
644	929
644	1036
644	1109
645	334
645	599
645	1173
646	598
646	668
646	771
647	171
647	467
647	981
648	339
648	468
648	638
648	1044
648	1048
649	501
649	570
649	713
649	845
650	174
650	333
650	711
650	829
651	520
651	641
651	1187
652	54
652	434
652	514
652	743
652	753
653	331
653	433
653	580
653	728
653	788
653	1121
653	1132
653	1133
653	1149
654	37
654	178
654	373
654	433
654	643
654	809
654	978
654	1104
654	1152
655	757
655	800
655	1097
655	1192
656	39
656	59
656	121
656	344
656	367
656	384
656	393
656	504
656	525
656	711
656	872
656	891
656	999
656	1005
656	1096
657	74
657	546
657	756
657	769
657	897
657	1175
658	334
658	402
658	540
658	801
658	1118
659	6
659	142
659	327
659	361
659	813
659	857
659	942
659	980
659	1042
659	1112
659	1128
659	1193
660	109
660	525
660	635
660	916
660	987
661	30
661	162
661	473
661	1091
662	334
662	425
662	922
662	930
662	1055
662	1104
663	6
663	320
663	1177
664	127
664	192
664	240
664	300
664	516
664	632
664	657
664	825
664	918
664	928
664	1001
664	1054
664	1091
664	1149
664	1192
665	18
665	962
665	1042
666	61
666	133
666	157
666	286
666	405
666	431
666	448
666	622
666	712
666	776
666	958
666	969
666	1143
667	36
667	142
667	228
667	423
667	528
667	601
667	632
667	726
667	815
667	881
667	1118
668	135
668	155
668	270
668	286
668	295
668	308
668	381
668	804
668	1100
669	45
669	117
669	720
669	721
669	767
669	775
669	778
670	587
670	1170
670	1180
671	7
671	144
671	397
671	975
671	1025
671	1076
672	317
672	441
672	637
672	642
672	1019
672	1114
673	40
673	314
673	528
673	576
673	732
673	823
673	824
673	862
673	1042
673	1092
673	1134
674	418
674	441
674	518
674	658
674	734
675	547
675	983
675	1002
676	277
676	1140
676	1150
677	16
677	21
677	358
677	843
677	961
677	1137
678	717
678	801
678	1188
679	427
679	515
679	535
679	561
679	595
679	754
679	769
679	791
679	928
679	997
679	1123
680	226
680	249
680	289
680	901
680	951
681	31
681	33
681	105
681	1177
682	318
682	582
682	933
682	1156
683	200
683	444
683	451
683	582
683	796
683	856
683	935
683	952
683	975
683	976
683	1080
683	1088
683	1156
683	1182
684	356
684	530
684	569
684	579
684	727
684	755
684	1002
684	1103
685	316
685	803
685	876
686	296
686	327
686	993
686	1037
686	1042
686	1128
687	583
687	666
687	1155
688	274
688	582
688	937
688	1025
688	1177
688	1188
689	77
689	353
689	787
689	1002
689	1120
690	149
690	235
690	315
690	365
690	464
690	709
690	835
690	864
690	872
690	907
690	996
690	1045
690	1115
691	40
691	48
691	74
691	154
691	184
691	269
691	497
691	559
691	612
691	851
691	868
691	888
691	1047
691	1136
692	17
692	168
692	248
692	251
692	404
692	405
692	615
692	836
692	922
692	1079
692	1133
693	76
693	112
693	190
693	549
693	665
693	891
694	99
694	104
694	177
694	200
694	203
694	531
694	651
694	773
694	851
694	981
694	1056
694	1098
695	18
695	225
695	443
695	956
695	1065
696	163
696	260
696	406
696	812
696	1075
696	1111
697	327
697	383
697	599
697	847
698	11
698	32
698	88
698	184
698	186
698	195
698	250
698	254
698	286
698	309
698	365
698	418
698	431
698	432
698	463
698	515
698	557
698	578
698	737
698	739
698	761
698	906
698	910
698	926
698	993
698	997
698	1163
699	43
699	584
699	813
699	1111
700	68
700	204
700	235
700	491
701	379
701	467
701	914
702	5
702	558
702	1038
702	1176
703	43
703	415
703	1133
704	142
704	394
704	1157
704	1162
705	39
705	59
705	157
705	200
705	229
705	286
705	427
705	431
705	521
705	594
705	661
705	667
706	749
706	791
706	1173
707	205
707	940
707	1154
708	42
708	120
708	150
708	292
708	466
708	493
708	799
709	407
709	435
709	1027
709	1062
710	43
710	64
710	86
710	511
710	512
710	513
710	515
710	536
710	662
710	732
710	805
711	118
711	369
711	528
711	1023
712	73
712	217
712	443
712	568
712	1080
713	6
713	319
713	677
713	779
713	813
713	1013
713	1164
713	1191
714	96
714	171
714	175
714	651
714	881
714	1055
714	1141
715	37
715	82
715	308
715	374
715	647
715	654
715	741
715	767
716	6
716	370
716	899
716	1164
716	1165
716	1166
716	1167
716	1168
716	1169
716	1178
717	338
717	788
717	907
717	1045
718	151
718	782
718	1135
719	47
719	190
719	495
719	730
719	1163
720	127
720	133
720	192
720	371
720	488
720	533
720	589
720	596
720	616
720	728
720	730
720	750
720	825
720	936
720	1064
721	657
721	701
721	756
721	790
721	865
721	1192
722	319
722	403
722	817
723	112
723	440
723	1116
724	301
724	367
724	591
724	729
724	764
724	792
724	997
725	182
725	553
725	569
725	865
726	40
726	88
726	159
726	250
726	367
727	136
727	384
727	420
727	433
727	708
727	1001
728	88
728	339
728	364
728	929
728	932
728	1008
728	1123
728	1153
729	679
729	754
729	856
729	932
729	993
729	1011
730	12
730	74
730	83
730	101
730	104
730	336
730	339
730	343
730	463
730	614
730	979
731	35
731	228
731	282
731	292
731	373
731	517
731	665
731	729
731	795
731	906
731	1041
731	1082
731	1134
732	43
732	125
732	156
732	202
732	295
732	535
732	732
732	758
732	760
732	1148
732	1171
733	49
733	140
733	372
733	440
733	441
733	532
733	552
733	599
733	858
734	92
734	526
734	663
734	739
734	755
734	1023
735	432
735	668
735	722
735	1140
735	1186
736	255
736	293
736	327
736	411
736	592
736	597
736	604
736	605
736	750
736	902
736	962
736	1037
736	1050
736	1124
737	142
737	394
737	1024
737	1139
737	1157
737	1162
738	180
738	855
738	940
739	1016
739	1017
739	1018
740	500
740	928
740	933
741	334
741	341
741	1118
742	144
742	331
742	591
742	717
742	732
742	822
742	1041
742	1123
743	541
743	894
743	927
743	970
744	212
744	516
744	880
744	1049
745	146
745	453
745	693
745	1051
745	1057
746	233
746	431
746	872
746	1115
747	222
747	1079
747	1193
748	443
748	642
748	675
748	1034
749	13
749	22
749	324
749	509
749	843
749	934
749	1031
749	1032
749	1035
749	1057
749	1086
750	5
750	227
750	524
750	681
750	990
750	1069
750	1071
750	1124
751	1
751	224
751	226
751	421
751	441
751	661
751	1034
751	1063
752	71
752	77
752	265
752	381
752	448
752	534
752	700
752	774
752	958
752	1001
752	1006
752	1022
752	1053
752	1061
753	40
753	295
753	574
753	887
754	1
754	142
754	1077
754	1114
755	6
755	370
755	409
755	1164
755	1165
755	1166
755	1167
755	1178
755	1185
756	940
756	980
756	1142
756	1189
757	844
757	992
757	1037
758	209
758	489
758	810
759	94
759	328
759	798
759	1065
759	1191
760	49
760	433
760	649
760	766
760	1152
761	184
761	297
761	573
761	764
761	866
762	6
762	582
762	793
762	1159
763	109
763	417
763	418
763	517
763	522
763	576
763	631
763	1023
763	1117
763	1131
763	1149
764	220
764	1028
764	1086
765	109
765	218
765	465
765	1066
766	219
766	223
766	389
766	407
766	785
766	898
766	900
766	929
766	938
766	1033
766	1126
766	1135
766	1191
767	139
767	140
767	150
767	280
767	427
767	454
767	468
767	532
767	774
767	844
767	1006
768	6
768	310
768	370
768	394
768	1164
768	1165
768	1166
768	1167
768	1168
768	1169
768	1178
768	1185
769	119
769	277
769	393
769	1112
769	1151
770	40
770	1023
770	1108
771	283
771	925
771	1021
772	59
772	1001
772	1082
773	43
773	156
773	160
773	268
773	440
773	594
773	602
773	695
773	985
773	1132
774	145
774	522
774	1065
774	1076
775	813
775	929
775	942
775	1015
775	1042
775	1107
775	1177
775	1193
776	42
776	106
776	107
776	221
776	696
776	853
777	32
777	251
777	312
777	436
777	566
777	582
777	624
777	644
777	744
777	915
777	920
777	1094
777	1189
778	75
778	282
778	501
778	889
778	1138
779	893
779	895
779	935
779	991
779	993
779	1031
779	1043
779	1078
780	3
780	6
780	310
780	370
780	1013
780	1164
780	1165
780	1166
780	1167
780	1168
780	1169
780	1178
780	1180
780	1185
781	39
781	137
781	652
781	835
781	1011
782	158
782	229
782	331
782	515
782	552
782	612
782	657
782	1066
782	1150
783	96
783	172
783	682
783	1117
784	783
784	808
784	1015
785	35
785	121
785	384
785	521
785	525
785	667
785	713
785	1149
786	31
786	582
786	736
786	898
787	142
787	394
787	1107
788	132
788	157
788	158
788	178
788	200
788	265
788	282
788	284
788	292
788	303
788	384
788	426
788	437
788	510
788	562
788	570
788	627
788	655
788	711
788	739
788	749
788	753
788	764
788	794
788	804
788	806
788	873
788	887
788	904
788	965
788	994
788	997
788	1082
788	1132
788	1186
789	370
789	1164
789	1169
790	33
790	937
790	1156
791	417
791	576
791	713
791	887
792	105
792	745
792	1142
793	41
793	111
793	365
793	682
793	761
794	443
794	473
794	637
794	938
794	1019
794	1035
794	1137
794	1154
795	142
795	225
795	421
795	582
795	832
795	844
795	899
795	931
795	953
795	956
795	1019
795	1063
795	1153
796	143
796	677
796	779
796	991
796	1081
796	1120
797	374
797	459
797	646
797	719
797	720
797	721
798	15
798	66
798	75
798	137
798	207
798	273
798	454
798	771
798	917
798	1005
799	582
799	908
799	1142
799	1147
800	623
800	780
800	942
800	1026
800	1139
800	1177
801	247
801	248
801	410
801	679
801	836
801	902
801	917
801	1021
801	1027
801	1070
802	742
802	933
802	1113
803	334
803	540
803	626
803	707
803	878
804	94
804	674
804	861
804	1108
804	1181
805	807
805	1008
805	1064
806	36
806	351
806	384
806	423
806	665
806	747
806	766
806	804
806	910
806	1001
806	1047
806	1163
807	224
807	247
807	389
807	407
807	412
807	435
807	451
807	642
807	992
807	1031
807	1039
807	1084
808	29
808	32
808	365
808	712
808	763
808	806
808	996
808	1000
808	1052
809	133
809	179
809	229
809	373
809	420
809	496
809	518
809	529
809	562
809	729
809	736
809	769
809	970
810	227
810	229
810	698
810	749
810	837
810	906
810	930
811	194
811	473
811	609
811	766
811	1192
812	258
812	709
812	1125
812	1127
812	1175
813	815
813	1134
813	1193
814	133
814	282
814	336
814	528
814	582
814	641
814	732
814	790
814	880
814	1118
815	3
815	443
815	1174
816	325
816	386
816	409
816	410
816	519
816	839
816	897
816	1088
816	1158
816	1177
816	1193
817	394
817	623
817	940
817	1189
818	330
818	384
818	1000
819	595
819	758
819	1022
820	192
820	616
820	722
820	746
820	887
820	1132
821	501
821	827
821	1073
821	1151
822	507
822	857
822	860
822	1112
823	459
823	491
823	686
823	1023
823	1098
824	336
824	366
824	595
824	810
825	217
825	321
825	325
825	929
825	937
825	1128
825	1137
825	1193
826	286
826	351
826	776
826	912
826	913
827	17
827	18
827	222
827	289
827	642
827	732
827	843
827	930
828	43
828	291
828	311
828	337
828	411
828	416
828	968
828	994
828	1042
828	1058
828	1092
828	1093
828	1148
828	1177
829	401
829	587
829	1024
829	1172
829	1180
829	1183
830	369
830	1144
830	1173
831	316
831	318
831	462
831	715
831	876
831	903
831	952
831	1104
831	1107
831	1112
831	1182
832	88
832	111
832	490
832	620
832	711
832	788
832	970
832	988
832	995
832	1136
833	348
833	365
833	586
833	621
833	700
833	709
833	883
833	1060
834	371
834	432
834	577
834	639
834	722
834	788
834	1052
834	1143
834	1152
835	312
835	497
835	732
835	1184
836	323
836	508
836	642
836	683
836	691
836	1080
836	1081
836	1156
836	1158
836	1189
837	394
837	714
837	931
837	1024
837	1139
837	1157
837	1162
838	75
838	207
838	545
838	916
839	283
839	1016
839	1017
839	1018
840	32
840	36
840	44
840	126
840	158
840	294
840	371
840	373
840	432
840	473
840	541
840	663
840	706
840	753
840	1093
840	1187
841	114
841	157
841	304
841	306
841	973
842	132
842	136
842	198
842	268
842	392
842	433
842	536
842	609
842	764
842	1085
843	158
843	314
843	329
843	355
843	633
843	814
843	865
843	1009
843	1085
843	1131
844	80
844	440
844	553
844	724
845	114
845	215
845	292
845	293
845	296
845	431
845	471
845	800
845	955
845	1127
846	40
846	68
846	69
846	289
846	454
846	642
846	989
846	1065
846	1075
847	275
847	953
847	1087
848	0
848	1
848	2
848	3
848	4
848	5
848	6
849	8
849	9
849	10
849	11
849	21
849	22
849	23
849	24
849	25
849	26
850	13
850	14
850	15
850	16
850	17
850	18
850	19
850	20
850	34
850	35
850	36
850	37
850	38
850	39
851	27
851	28
851	29
851	30
851	31
851	32
851	33
852	40
852	41
852	42
852	43
852	47
852	50
852	51
852	52
852	53
852	54
852	55
852	56
852	57
852	58
852	59
852	60
852	61
852	62
852	63
852	64
852	65
852	66
853	49
853	68
853	69
853	70
853	71
854	67
854	73
854	74
854	75
855	77
855	78
855	79
855	406
856	4
856	76
856	85
857	80
857	81
857	82
857	83
857	84
858	86
858	89
858	90
858	91
858	92
858	93
858	94
859	97
859	98
859	99
859	100
859	101
859	102
859	103
859	104
860	95
860	96
860	105
860	106
860	107
861	108
861	109
861	110
861	111
861	116
861	117
861	1181
862	112
862	113
862	114
862	115
863	119
863	120
863	121
864	118
864	123
864	124
864	125
864	126
864	127
864	128
864	129
864	130
864	131
864	132
864	133
864	134
864	135
864	136
864	137
864	138
864	139
864	140
865	4
865	122
865	1194
866	141
866	142
866	143
866	144
866	145
866	146
866	147
866	148
867	152
867	153
867	154
867	155
868	149
868	150
868	151
868	157
868	158
868	159
868	160
868	161
868	162
868	163
868	164
868	165
868	166
868	167
869	168
869	172
869	173
869	174
869	175
869	176
870	171
870	183
870	184
870	185
870	186
870	187
870	188
870	189
870	190
870	191
871	177
871	178
871	179
871	180
871	181
871	182
871	582
872	196
872	197
872	198
872	199
872	998
873	192
873	193
873	194
873	195
873	200
873	201
873	202
874	205
874	206
874	207
874	208
874	209
874	210
874	211
875	212
875	213
875	214
875	215
875	216
876	218
876	219
876	220
876	221
876	222
876	223
876	224
876	225
876	226
876	227
877	82
877	232
877	233
877	234
877	235
877	236
877	237
877	238
877	239
877	240
877	241
877	242
877	243
877	244
878	148
878	228
878	229
878	230
878	231
878	251
878	252
878	253
878	254
878	255
878	256
878	257
878	258
878	259
879	247
879	248
879	249
879	250
879	395
880	261
880	262
880	1195
881	260
881	267
881	268
881	269
881	270
881	271
881	272
881	273
882	263
882	264
882	265
882	266
882	274
882	275
882	276
882	277
882	278
882	279
882	280
883	213
883	283
883	284
883	285
883	286
884	281
884	282
884	288
884	289
884	290
885	291
885	292
885	293
885	297
885	298
886	294
886	295
886	296
887	307
887	308
887	309
888	299
888	300
888	301
888	302
888	303
888	304
888	310
888	311
888	314
888	315
889	312
889	313
889	316
889	317
889	318
889	319
889	320
889	321
889	322
889	323
889	324
889	325
889	332
890	97
890	326
890	327
890	328
890	329
890	330
890	331
890	343
890	344
890	345
890	346
891	315
891	333
891	334
891	335
891	336
891	337
891	338
891	339
891	340
891	341
892	347
892	348
892	349
892	350
892	351
892	352
892	353
892	354
892	355
892	356
893	357
893	358
893	359
893	360
893	363
894	361
894	362
894	368
895	364
895	365
895	366
895	367
895	373
896	322
896	369
896	370
896	371
896	372
896	379
897	213
897	263
897	374
897	375
897	376
897	377
897	378
897	382
897	383
897	384
898	84
898	380
898	381
898	388
898	389
899	72
899	237
899	238
899	240
899	386
899	387
900	390
900	391
900	392
900	393
901	394
901	396
901	397
901	398
901	399
901	400
901	401
901	402
902	408
902	409
902	410
902	411
902	412
902	413
902	414
903	403
903	404
903	405
903	407
903	423
903	424
903	425
903	426
903	427
904	415
904	416
904	417
904	418
904	419
904	420
904	421
904	422
904	430
904	431
904	432
905	84
905	428
905	429
905	435
905	436
905	437
906	433
906	434
906	443
906	444
907	438
907	439
907	440
907	441
907	442
908	445
908	447
908	448
908	449
909	138
909	452
909	453
909	454
909	455
909	456
909	457
909	458
909	459
909	460
910	451
910	463
910	464
911	461
911	462
911	465
911	466
911	467
911	468
911	469
911	470
912	471
912	472
912	637
913	473
913	474
913	475
913	476
913	477
913	478
913	479
913	1147
914	480
914	481
914	482
914	483
914	484
914	485
914	486
914	487
915	488
915	489
915	490
915	491
915	492
916	493
916	494
916	495
916	496
916	497
916	498
916	499
917	343
917	505
917	506
917	507
917	508
917	509
917	515
918	510
918	511
918	512
918	513
918	514
918	520
918	521
919	516
919	517
919	518
919	519
919	523
919	524
919	525
919	526
919	527
920	522
920	532
920	533
920	534
921	528
921	529
921	530
921	531
921	537
922	298
922	535
922	536
923	263
923	377
923	538
923	539
923	540
923	541
924	8
924	267
924	542
924	543
924	544
924	549
924	550
925	546
925	547
925	548
925	555
925	556
926	46
926	250
926	551
926	552
926	553
926	554
926	560
926	561
926	562
926	563
926	564
926	565
927	557
927	558
927	559
927	1125
928	100
928	570
928	571
928	572
928	573
929	4
929	85
929	211
929	322
929	566
929	567
929	568
929	569
930	576
930	577
930	578
931	579
931	580
931	581
931	583
931	584
931	585
932	587
932	590
932	591
933	80
933	589
933	1053
934	592
934	596
934	597
934	598
934	599
934	601
935	595
935	602
935	603
935	604
936	605
936	606
936	607
936	608
937	10
937	506
937	609
937	610
937	611
937	612
937	613
937	614
937	615
937	616
937	617
937	618
937	619
937	620
938	621
938	632
938	633
939	629
939	630
939	631
940	622
940	623
940	624
940	625
940	626
940	627
940	628
941	635
941	636
941	638
941	639
942	169
942	634
942	643
942	644
942	645
943	640
943	641
943	642
943	648
943	649
944	646
944	647
944	707
945	345
945	650
945	651
945	654
945	655
945	656
945	657
945	658
945	659
945	660
945	661
945	662
946	653
946	666
946	667
946	668
946	669
947	261
947	663
947	664
947	665
947	670
947	671
947	672
947	673
947	674
948	5
948	214
948	592
948	675
948	676
948	677
948	678
948	679
948	680
949	681
949	682
949	683
949	684
949	685
950	75
950	686
950	687
950	688
950	689
950	690
951	27
951	44
951	594
951	691
951	692
951	693
951	694
951	988
952	445
952	674
952	699
953	456
953	496
953	695
953	696
953	697
953	698
953	1195
954	27
954	169
954	305
954	539
954	701
954	702
954	703
954	704
955	700
955	712
955	713
956	705
956	706
956	708
956	709
956	710
956	711
956	714
956	715
956	716
957	368
957	717
957	718
957	720
957	721
958	719
958	730
958	731
958	732
958	733
959	250
959	409
959	563
959	722
959	723
959	724
959	725
959	726
959	727
959	728
959	729
959	738
959	739
960	734
960	735
960	736
960	737
961	173
961	740
961	741
961	742
962	746
962	751
962	752
963	302
963	346
963	754
964	237
964	238
964	753
965	71
965	755
965	756
965	757
965	758
965	759
965	760
965	763
966	213
966	242
966	761
966	762
967	411
967	765
967	766
968	46
968	250
968	564
968	567
968	768
968	769
969	146
969	767
969	773
970	774
970	775
970	776
970	777
970	778
971	90
971	92
971	93
971	779
971	780
971	782
972	781
972	785
972	786
972	787
973	264
973	376
973	704
973	783
973	784
973	789
973	790
973	791
973	792
974	788
974	794
974	795
975	298
975	793
975	797
975	798
975	799
976	97
976	796
976	800
976	801
976	802
977	803
977	804
977	805
977	806
978	322
978	807
978	808
978	809
978	810
978	811
979	445
979	613
979	752
979	817
979	818
979	1121
980	821
980	822
980	823
981	829
981	830
981	831
982	456
982	833
982	834
983	837
983	838
983	839
984	836
984	841
984	842
984	843
984	844
984	845
985	201
985	847
985	848
985	849
985	853
985	854
985	1194
986	860
986	861
986	862
986	863
987	864
987	867
987	868
987	869
988	865
988	866
988	870
988	871
988	872
988	873
988	874
988	875
989	322
989	828
989	877
990	878
990	879
990	880
990	881
991	445
991	882
991	883
991	884
991	885
991	886
991	1186
992	247
992	249
992	250
992	889
993	95
993	734
993	890
993	891
994	138
994	564
994	892
994	893
994	894
994	896
995	298
995	895
995	899
995	900
996	434
996	901
996	902
997	903
997	904
997	905
998	473
998	906
998	908
999	663
999	734
999	909
1000	84
1000	173
1000	213
1000	263
1000	496
1000	579
1000	910
1000	911
1001	375
1001	912
1001	913
1001	914
1002	264
1002	704
1002	770
1002	916
1003	918
1003	919
1003	1195
1004	921
1004	927
1004	928
1005	922
1005	923
1005	924
1005	925
1005	926
1006	214
1006	929
1006	930
1006	931
1007	554
1007	581
1007	934
1007	935
1007	936
1007	937
1007	1124
1008	368
1008	940
1008	1189
1009	209
1009	941
1009	942
1009	943
1009	944
1009	945
1009	946
1009	947
1009	948
1009	949
1009	950
1009	951
1009	952
1009	953
1010	4
1010	210
1010	505
1010	506
1010	955
1011	102
1011	957
1011	959
1011	960
1012	201
1012	210
1012	617
1012	659
1012	964
1012	965
1012	966
1012	971
1013	967
1013	968
1013	969
1013	970
1014	4
1014	44
1014	72
1014	169
1014	237
1014	377
1014	761
1014	1136
1015	4
1015	267
1015	674
1016	975
1016	976
1016	977
1017	978
1017	979
1017	980
1017	981
1017	982
1017	987
1018	983
1018	984
1018	985
1018	986
1019	990
1019	991
1019	992
1020	989
1020	994
1020	995
1020	996
1020	997
1020	999
1021	993
1021	1000
1021	1002
1021	1003
1022	477
1022	1004
1022	1005
1022	1006
1022	1007
1023	4
1023	663
1023	752
1023	1008
1023	1009
1023	1010
1023	1194
1024	782
1024	1013
1024	1014
1024	1015
1024	1016
1024	1017
1024	1018
1025	66
1025	241
1025	1019
1025	1020
1026	1024
1026	1026
1026	1027
1026	1028
1026	1029
1026	1030
1027	805
1027	1031
1027	1032
1027	1033
1028	211
1028	1034
1028	1035
1028	1036
1028	1037
1028	1038
1028	1039
1028	1040
1029	138
1029	262
1029	1041
1029	1042
1029	1043
1030	302
1030	1046
1030	1047
1030	1048
1031	752
1031	1158
1031	1194
1032	213
1032	315
1032	350
1032	388
1032	828
1032	1052
1032	1113
1032	1195
1033	305
1033	702
1033	703
1033	704
1033	1055
1034	173
1034	241
1034	263
1034	305
1034	375
1034	378
1034	487
1034	702
1034	703
1035	211
1035	368
1035	564
1035	1059
1035	1060
1035	1061
1035	1062
1036	258
1036	674
1036	1010
1036	1063
1037	97
1037	201
1037	215
1037	613
1038	95
1038	97
1038	617
1038	1065
1038	1066
1038	1067
1039	148
1039	261
1039	617
1039	1194
1040	1069
1040	1070
1040	1071
1040	1072
1040	1075
1041	1073
1041	1074
1041	1077
1041	1078
1041	1079
1041	1080
1042	213
1042	236
1042	446
1042	539
1042	740
1042	753
1042	770
1043	1083
1043	1084
1043	1085
1044	264
1044	786
1044	1192
1045	719
1045	1086
1045	1087
1045	1089
1046	1090
1046	1091
1046	1092
1046	1093
1046	1096
1047	477
1047	1098
1047	1099
1048	72
1048	446
1048	1100
1049	768
1049	1102
1049	1103
